1.22637
1.28867
1.25704
1.24404
1.2313
1.20082
1.22838
1.23241
1.25362
1.22082
1.26815
1.2443
1.26816
1.21569
1.18569
1.16857
1.159
1.15754
1.19041
1.17319
1.15471
1.18734
1.18804
1.17247
1.18218
1.14706
1.12144
1.13928
1.13665
1.12362
1.11872
1.1106
1.04914
1.07342
1.05967
1.47699
1.40878
1.29944
1.05387
1.18377
1.17012
1.25412
1.3217
1.22127
1.16869
1.15394
1.00578
1.13413
1.11742
1.1021
1.08782
1.07439
1.06168
1.04963
1.03822
1.02737
1.01716
1.00756
0.998542
0.990094
0.982187
0.974686
0.967542
0.96044
0.949967
0.842254
0.9018
0.899563
0.888835
0.909058
1.00144
0.898289
0.864885
0.865292
0.881751
0.86759
0.868735
0.833393
0.819332
0.837269
0.909595
0.905072
0.897216
0.866274
0.877632
0.939948
0.92792
0.853439
0.929383
0.812624
0.852864
0.812492
0.956902
0.814827
0.843589
0.792593
0.919338
0.827182
0.831711
0.799838
0.841268
0.836773
0.806724
0.736171
0.817427
0.932282
0.832392
0.811641
0.83347
0.762379
0.865768
1.06684
0.894609
1.08622
1.1334
1.13114
1.12303
1.04338
1.15184
1.04753
