56.7144
56.7646
56.9477
56.6007
56.1493
56.0069
56.1302
56.423
56.7843
57.3016
57.6405
57.6925
57.5286
57.2221
56.7926
56.4304
56.1001
55.8864
55.8377
55.8922
55.9868
56.0363
56.0151
55.9045
55.7646
55.6288
55.5361
55.4167
55.2945
55.1747
55.0324
54.8807
54.7412
54.6714
54.6747
54.6786
54.7194
54.7964
54.9367
55.1483
55.3914
55.6956
56.0573
56.3883
56.7067
57.0665
57.482
57.9232
58.3736
58.7005
58.7988
58.6544
58.2568
57.5872
56.7395
55.7393
54.7282
53.7662
52.9748
52.398
51.9701
51.7082
51.7655
51.8462
51.9638
52.1469
52.3964
52.6225
52.8296
53.0893
53.3278
53.5962
53.7599
53.8733
53.951
53.9801
53.9885
53.922
53.766
53.5384
53.3056
53.1088
52.9601
52.8429
52.6989
52.5728
52.4838
52.3833
52.3582
52.3312
52.2767
52.2191
52.2578
52.4016
52.5913
52.6993
52.8084
52.9196
53.0076
53.0494
53.114
53.1381
53.1805
53.177
53.1618
53.1875
53.2015
53.2536
53.3272
53.5308
53.7224
53.9275
54.0619
54.2025
54.3585
54.4925
54.6395
54.8786
55.2987
55.7427
56.1448
56.4762
56.809
57.1854
57.5683
57.8807
58.15
58.4055
58.6696
58.9766
59.251
59.4138
59.6046
59.7436
59.7857
59.6819
59.6376
59.6132
59.7031
59.7674
59.9858
60.1917
60.3063
60.4033
60.5603
60.812
61.0527
61.1602
61.2701
61.2799
61.2575
61.2688
61.3735
61.4426
61.4275
61.4452
61.3561
61.291
61.2284
61.1668
61.1102
61.0065
60.8619
60.6844
60.4069
60.1753
60.0504
59.916
59.7201
59.4409
59.0712
58.7686
58.5017
58.3193
58.1975
57.9698
57.7905
57.5956
57.3566
57.2537
57.1219
56.9487
56.8992
56.8882
57.0158
57.2004
57.3877
57.6231
57.9259
58.1991
58.5221
58.6649
58.8034
59.0717
59.3644
59.5218
59.6672
59.782
59.8687
59.9813
60.0623
59.9983
59.92
59.7902
59.6405
59.4999
59.3525
59.3277
59.4322
59.5432
59.6593
59.809
59.9685
60.0888
60.1693
60.2908
60.3965
60.4465
60.4944
60.6268
60.8072
61.0227
61.2084
61.3483
61.3947
61.4032
61.3701
61.3554
61.3953
61.4579
61.5732
61.6371
61.7301
61.8843
62.0061
62.1081
62.1299
62.1293
62.1219
62.0972
62.0426
61.8995
61.7797
61.7233
61.705
61.7847
61.8382
61.852
61.8554
61.8338
61.8129
61.7523
61.6633
61.6252
61.5969
61.6106
61.6996
61.7787
61.8298
61.8905
61.9174
61.9738
62.0226
62.0106
61.9961
61.9844
62.0446
62.1252
62.0894
62.0123
61.9614
61.8933
61.8183
61.8114
61.8382
61.9132
61.9781
62.0308
62.1086
62.1219
62.0781
62.1018
62.1308
62.2191
62.2161
62.2089
62.227
62.2636
62.3216
62.3557
62.3123
62.3275
62.3118
62.2535
61.9675
61.7198
61.6516
61.524
61.448
61.3743
61.3863
61.3746
61.318
61.285
61.2502
61.2019
61.1859
61.1796
61.19
61.1862
61.1449
61.1354
61.197
61.2466
61.2746
61.279
61.2145
61.1829
61.1239
61.116
61.0301
60.9237
60.8185
60.7524
60.6299
60.5485
60.5499
60.5088
60.4051
60.3292
60.2293
60.1044
59.9978
59.8308
59.7748
59.7047
59.621
59.4898
59.4164
59.4121
59.4436
59.3865
59.3985
59.2384
59.0661
58.9015
58.7488
58.5909
58.4578
58.3446
58.2255
58.1852
58.0751
57.9999
57.9735
57.9223
58.0032
58.1126
58.2455
58.5607
58.7944
58.949
59.1596
59.4608
59.7929
60.0472
60.249
60.3556
60.4071
60.5003
60.6017
60.6702
60.7612
60.839
60.9289
60.9117
60.8041
60.6976
60.3721
60.2003
60.2315
60.2974
60.2855
60.2215
60.0292
59.8455
59.539
59.3294
59.0232
58.7898
58.5817
58.5534
58.6147
58.7075
58.6403
58.5475
58.3712
58.1538
57.9856
57.8989
57.8565
57.9151
57.8731
57.8519
57.9844
58.26
58.4976
58.5695
58.6158
58.6819
58.7258
58.928
59.1039
59.2361
59.3407
59.215
59.0659
58.8568
58.4223
57.9863
57.6221
57.4668
57.53
57.5226
57.5475
57.5924
57.6618
57.7293
57.8188
58.0818
58.4266
58.6926
58.7717
58.7543
58.8311
58.9035
59.0156
59.1407
59.1666
59.1432
59.0555
58.8936
58.6588
58.3578
57.9498
57.4969
56.9892
56.4777
56.0116
55.5448
55.171
54.7841
54.5721
54.2782
54.0095
53.8829
53.7391
53.6444
53.5498
53.4315
53.4985
53.5389
53.4952
53.4383
53.454
53.5127
53.4324
53.3744
53.4089
53.4378
53.5516
53.7577
53.8934
53.9137
53.9236
53.9199
53.9691
54.0473
54.0921
54.1555
54.3038
54.4743
54.6218
54.8929
55.195
55.4306
55.6156
55.7731
56.0402
56.2014
56.3429
56.4546
56.5773
56.6999
56.733
56.7219
56.6878
56.6195
56.462
56.1997
55.9407
55.7311
55.5638
55.4146
55.2816
55.1473
54.9768
54.8448
54.7974
54.7546
54.7607
54.7532
54.6441
54.5183
54.4943
54.49
54.5141
54.4899
54.4222
54.33
54.1981
54.0155
53.8433
53.6332
53.4795
53.3175
53.2339
53.1438
53.0784
52.9655
52.8365
52.7928
52.8021
52.8696
52.9085
52.9327
52.9219
52.8358
52.7459
52.6875
52.5936
52.4147
52.2154
52.3053
52.4962
52.6113
52.3879
52.0271
51.6793
51.4304
51.3569
51.2593
51.3125
51.3626
51.4771
51.5853
51.6378
51.7059
51.7118
51.5839
51.3435
50.9792
50.4282
49.9421
49.897
50.1914
50.5211
50.802
50.7628
50.7233
50.8143
50.8481
50.9704
51.0095
51.0458
51.1082
51.1404
51.1628
51.2762
51.4197
51.3831
51.3327
51.2576
51.142
51.063
51.052
51.0033
50.9437
50.9903
51.0119
51.1243
51.2995
51.5055
51.7543
52.0039
52.1183
52.138
52.0986
52.1019
52.2003
52.3471
52.334
52.2216
52.0542
52.0902
52.1804
52.1105
52.0077
52.0223
52.0751
52.1927
52.5301
52.9726
53.2666
53.3797
53.4213
53.3432
53.3278
53.3129
53.1407
52.9141
52.9848
53.0333
53.0853
53.0733
52.972
52.9058
52.9689
52.9799
52.9526
52.955
52.9654
52.7963
52.5286
52.3378
52.0603
51.6543
51.392
51.2389
51.0313
50.9819
51.2502
51.5103
51.5992
51.5761
51.5438
51.5753
51.8296
52.0397
52.1242
52.1799
52.1279
52.0312
51.9093
51.8473
51.7691
51.5981
51.3213
50.9971
50.8541
50.8371
51.1139
51.2987
51.2942
51.0014
50.7609
50.8367
50.7993
50.946
51.0332
51.1866
51.4188
51.4969
51.3747
51.5204
51.845
52.1467
52.4334
52.6025
52.6148
52.576
52.6184
52.6768
52.7539
52.8276
52.8535
52.8212
52.6806
52.5627
52.5323
52.5182
52.4157
52.4465
52.6604
52.8696
53.0728
53.438
53.6444
53.7773
53.9091
54.0458
54.198
54.3539
54.4687
54.6117
54.6884
54.636
54.5659
54.4585
54.3635
54.3091
54.2939
54.2845
54.209
54.1031
54.0504
53.9873
54.0442
54.087
54.2073
54.3777
54.6308
54.9201
55.2156
55.4409
55.6905
55.952
56.2045
56.4017
56.5893
56.7137
56.8153
56.9507
57.0352
57.1317
57.2844
57.3678
57.4471
57.5838
57.7938
58.04
58.385
58.6905
59.0081
59.2382
59.5025
59.7531
59.9584
60.1843
60.3541
60.4707
60.5675
60.677
60.7219
60.7437
60.6843
60.6297
60.5385
60.4383
60.4184
60.4915
60.54
60.5426
60.4879
60.476
60.4636
60.4298
60.4696
60.4788
60.4971
60.5405
60.5495
60.5807
60.4515
60.294
60.3311
60.4874
60.6703
60.7933
60.8166
60.8868
60.8955
60.9341
61.0201
61.1726
61.3071
61.4193
61.5235
61.5901
61.6125
61.5912
61.5645
61.547
61.4159
61.2536
61.1038
60.9555
60.7696
60.4357
60.2564
60.179
60.0714
59.9118
59.7633
59.5644
59.2075
58.863
58.6453
58.4659
58.3341
58.2843
58.3583
58.4074
58.5017
58.6208
58.7745
58.8896
58.9859
59.1255
59.2375
59.3092
59.3659
59.4719
59.6373
59.7215
59.778
59.6292
59.4698
59.1895
58.8722
58.6434
58.3825
58.1362
57.8472
57.6626
57.5519
57.4547
57.3466
57.2836
57.5181
57.7009
57.859
57.9694
57.9997
58.0881
58.1963
58.2785
58.4716
58.6006
58.6424
58.6498
58.6818
58.7408
58.8304
58.9508
59.0625
59.119
59.1921
59.2609
59.3492
59.4149
59.3176
59.1341
59.0418
58.984
58.9406
58.8764
58.9163
58.9475
58.9585
58.9588
58.8094
58.6146
58.5751
58.4968
58.3903
58.3459
58.4442
58.5814
58.7283
58.8835
58.9844
59.0488
59.2308
59.4097
59.5397
59.6817
59.8148
59.953
60.0776
60.2134
60.4435
60.7104
60.7667
60.7935
60.8675
60.903
60.9437
60.9974
61.0949
61.1759
61.2349
61.2457
61.2433
61.2311
61.2499
61.1929
61.0453
60.9272
60.7609
60.5581
60.4659
60.3649
60.2331
60.1398
59.9348
59.5745
59.3053
59.0043
58.7154
58.4894
58.328
58.2036
