56.5302
56.6368
56.8787
56.3992
55.8379
55.507
55.5567
56.078
57.1074
58.2894
59.0905
59.2783
58.9363
58.3798
57.8869
57.6243
57.6245
57.789
58.1103
58.4431
58.8513
59.1853
59.4271
59.6137
59.5795
59.3242
58.8083
58.2036
57.5631
56.895
56.2363
55.7006
55.5291
55.4595
55.4526
55.464
55.4423
55.5114
55.6527
55.84
56.1984
56.5473
56.843
57.1161
57.4188
57.76
58.1454
58.5689
58.9776
59.3112
59.6252
59.8742
60.0614
60.1405
59.9708
59.6269
59.3046
58.9708
58.6391
58.3082
58.1469
58.0716
58.0808
58.1738
58.1845
58.1901
58.362
58.4802
58.5488
58.652
58.8658
59.0838
59.2807
59.4559
59.5495
59.5773
59.6871
59.7586
59.7448
59.7164
59.6689
59.6355
59.6182
59.6573
59.8514
60.1488
60.2875
60.4239
60.6086
60.7376
60.8438
60.9307
61.0334
61.1026
61.1476
61.1571
61.1755
61.2079
61.283
61.2832
61.1801
61.083
60.9091
60.657
60.48
60.2775
60.0467
59.8867
59.6644
59.3363
59.1444
58.9538
58.7962
58.7053
58.6661
58.6366
58.5727
58.4577
58.3071
58.2418
58.2206
58.1855
58.1073
57.9827
57.8718
57.7809
57.667
57.4725
57.2559
56.958
56.618
56.3287
56.0172
55.82
55.6349
55.5217
55.4523
55.5538
55.6964
55.7529
55.8352
55.9095
55.8814
55.9298
56.0154
56.0755
56.0964
56.1842
56.2571
56.2692
56.2381
56.1645
56.0687
55.9719
55.8262
55.6932
55.6369
55.6277
55.7376
55.7102
55.6637
55.6907
55.7683
55.9024
56.0303
56.184
56.3237
56.4618
56.5056
56.5487
56.5866
56.6057
56.6858
56.7464
56.8128
56.8917
56.8827
56.7983
56.7083
56.6198
56.4985
56.3939
56.1968
56.0345
55.9818
55.9103
55.8866
55.958
56.0494
56.1677
56.2804
56.363
56.4583
56.6105
56.8208
57.0551
57.2466
57.3748
57.4803
57.55
57.5681
57.5916
57.5074
57.4457
57.45
57.3626
57.1776
57.081
57.0275
56.9248
56.7301
56.5815
56.5884
56.5789
56.5449
56.4931
56.4789
56.5739
56.6846
56.8033
56.9696
57.0774
57.1937
57.4213
57.5178
57.4973
57.4727
57.4243
57.3607
57.262
57.09
56.8782
56.5954
56.2777
56.0046
55.7701
55.5155
55.2978
55.1905
55.1604
55.1965
55.1633
55.1887
55.2799
55.4223
55.5568
55.6557
55.7429
55.8118
55.8848
55.8911
55.7972
55.6813
55.5325
55.2996
54.9432
54.6174
54.3003
54.0205
53.7491
53.475
53.2689
53.0929
52.953
52.834
52.7753
52.7814
52.8687
53.0933
53.3177
53.4657
53.5988
53.7248
53.8481
53.9763
54.0824
54.1697
54.2587
54.3638
54.4133
54.4711
54.6371
54.815
55.03
55.3001
55.5301
55.7075
55.8942
56.0966
56.3196
56.5195
56.7391
56.9763
57.2193
57.4214
57.5953
57.784
57.9627
58.095
58.204
58.3299
58.4524
58.5682
58.6442
58.7317
58.836
58.9172
58.9789
59.0817
59.1596
59.2041
59.2961
59.3777
59.4369
59.5252
59.5833
59.6156
59.5915
59.4906
59.3603
59.2366
59.155
59.0949
59.026
58.9482
58.8153
58.7006
58.6233
58.6062
58.5859
58.5611
58.4972
58.4163
58.4067
58.455
58.5545
58.6464
58.7664
58.8738
58.9834
59.0821
59.1383
59.2275
59.3858
59.5179
59.5982
