13.855097770690918
13.81175422668457
13.682648658752441
13.478228569030762
13.58120346069336
13.491442680358887
13.451790809631348
13.285484313964844
13.40137767791748
13.219708442687988
13.279646873474121
13.272573471069336
13.002988815307617
12.813631057739258
12.710960388183594
12.37404727935791
12.376814842224121
12.236641883850098
12.104765892028809
12.18930435180664
12.579388618469238
12.864348411560059
12.935359954833984
12.83145809173584
12.7586030960083
12.983007431030273
12.933209419250488
13.134859085083008
13.110884666442871
13.139472961425781
13.224316596984863
13.227693557739258
13.272269248962402
13.0629301071167
13.104734420776367
12.879720687866211
13.541241645812988
13.47945785522461
13.555998802185059
13.765030860900879
13.93502140045166
13.910735130310059
14.038308143615723
14.218441009521484
14.430858612060547
14.301750183105469
14.293451309204102
14.264986038208008
14.061993598937988
14.461470603942871
15.14870834350586
15.425030708312988
15.406785011291504
15.543538093566895
15.710942268371582
15.504559516906738
15.544468879699707
15.563037872314453
15.50300407409668
15.563344955444336
15.118389129638672
15.189866065979004
15.21461296081543
15.075995445251465
15.118078231811523
15.430912017822266
15.325082778930664
15.41637134552002
15.662358283996582
15.305586814880371
14.472301483154297
14.626392364501953
14.38534927368164
13.928014755249023
14.08891487121582
14.37854290008545
14.614326477050781
14.463014602661133
15.181814193725586
15.134167671203613
14.899934768676758
15.045056343078613
14.937682151794434
14.752021789550781
15.098894119262695
15.148406028747559
14.95810317993164
14.946344375610352
15.092391014099121
14.881671905517578
15.056504249572754
15.150877952575684
15.248961448669434
15.348913192749023
15.4306001663208
15.505796432495117
15.610686302185059
15.7465238571167
16.13238525390625
16.086280822753906
16.243785858154297
16.458839416503906
16.274723052978516
16.396015167236328
15.987568855285645
16.24192237854004
16.173852920532227
16.09123420715332
16.29916763305664
16.25894546508789
16.212879180908203
15.950508117675781
16.20168113708496
16.154672622680664
16.18455696105957
16.203855514526367
16.438209533691406
16.339555740356445
16.1416072845459
16.170242309570312
16.02862548828125
16.219730377197266
16.17801856994629
16.300657272338867
16.601301193237305
16.99220848083496
17.306873321533203
17.156227111816406
17.625892639160156
17.584806442260742
17.675064086914062
17.429807662963867
17.629314422607422
17.60192108154297
17.471511840820312
17.445993423461914
17.25583267211914
17.35137939453125
17.273258209228516
17.141916275024414
16.94552230834961
17.08745574951172
17.743227005004883
17.66790199279785
17.55057144165039
17.431991577148438
17.25862693786621
17.460935592651367
17.215362548828125
16.83721923828125
16.929031372070312
16.807960510253906
16.91440200805664
16.698406219482422
16.58698272705078
16.673818588256836
17.005592346191406
17.347023010253906
17.250228881835938
16.82756805419922
17.089006423950195
17.164953231811523
17.31029510498047
16.995635986328125
17.13351821899414
15.764079093933105
15.585118293762207
15.55492877960205
15.580448150634766
15.609390258789062
15.835347175598145
15.953620910644531
16.046606063842773
16.271099090576172
16.562599182128906
16.780832290649414
16.77957534790039
17.046022415161133
17.032241821289062
17.094867706298828
16.824974060058594
16.63022232055664
16.445493698120117
16.51751136779785
16.345619201660156
16.198150634765625
16.52126693725586
16.47649574279785
16.52408790588379
16.63304901123047
16.668106079101562
16.617704391479492
16.60799789428711
16.623023986816406
16.784894943237305
16.801176071166992
16.614574432373047
16.427963256835938
16.492158889770508
16.638057708740234
16.633670806884766
16.55352210998535
16.684078216552734
16.881959915161133
17.063552856445312
16.90043067932129
16.827789306640625
16.809005737304688
16.80525016784668
16.958982467651367
16.98715591430664
16.86943244934082
16.651208877563477
16.389766693115234
16.388824462890625
16.604236602783203
16.390073776245117
16.268905639648438
16.3337345123291
16.217247009277344
16.2501277923584
16.435794830322266
16.63085174560547
16.647449493408203
16.429847717285156
17.776798248291016
17.9073543548584
18.60087013244629
18.54576301574707
18.475629806518555
18.51915740966797
18.5535888671875
18.815967559814453
18.610889434814453
18.54576301574707
18.512704849243164
18.435564041137695
18.665090560913086
18.694372177124023
18.697837829589844
18.53883934020996
18.812437057495117
19.035350799560547
19.03913116455078
19.089502334594727
19.119731903076172
19.335712432861328
19.697790145874023
19.64678192138672
20.004764556884766
19.92982292175293
19.792875289916992
20.072769165039062
20.30198097229004
20.381637573242188
20.32559585571289
20.650833129882812
20.772048950195312
20.686094284057617
20.340078353881836
20.11748504638672
20.320240020751953
20.29379653930664
20.315834045410156
20.24530601501465
20.035934448242188
20.0183048248291
19.89708709716797
19.914714813232422
20.03373146057129
20.271760940551758
20.481121063232422
20.611162185668945
20.60234832763672
20.72356605529785
21.15113067626953
21.014484405517578
21.023296356201172
20.946155548095703
20.985830307006836
21.256919860839844
21.007869720458984
20.888853073120117
20.516387939453125
20.811717987060547
20.703720092773438
20.87563705444336
21.420011520385742
21.384737014770508
21.525794982910156
21.82332420349121
21.682268142700195
21.631580352783203
21.069580078125
21.18638038635254
21.06736946105957
20.96379280090332
20.92852783203125
20.926311492919922
20.983901977539062
21.260759353637695
21.256332397460938
21.53762435913086
21.5952091217041
21.701519012451172
21.96288299560547
22.26632308959961
22.27518081665039
22.277400970458984
22.441295623779297
22.49002456665039
22.346052169799805
22.620704650878906
22.647289276123047
22.702646255493164
22.87984848022461
21.914161682128906
21.732532501220703
21.920799255371094
21.785694122314453
21.7037353515625
22.37042999267578
22.465665817260742
22.5166072845459
22.509963989257812
22.339414596557617
22.498884201049805
22.545400619506836
22.361562728881836
22.383718490600586
22.733667373657227
22.53653907775879
21.67715835571289
22.315053939819336
22.173294067382812
22.315053939819336
21.967313766479492
22.12678337097168
22.06477165222168
22.06477165222168
21.872068405151367
22.32613182067871
22.374849319458008
22.310623168945312
22.106861114501953
21.872068405151367
21.60407257080078
21.320566177368164
21.632863998413086
22.095779418945312
22.696012496948242
22.811187744140625
23.218725204467773
23.305105209350586
23.280738830566406
23.641767501831055
23.7746639251709
23.694934844970703
23.92084503173828
24.23093605041504
24.05374526977539
24.111328125
24.1802921295166
24.249242782592773
24.209203720092773
24.402738571166992
24.747535705566406
25.096782684326172
25.399311065673828
25.35704231262207
25.686267852783203
25.5083065032959
25.873130798339844
25.908723831176758
26.38922119140625
26.160091400146484
26.471511840820312
26.45595359802246
25.5972957611084
25.499414443969727
25.788597106933594
25.690723419189453
25.581716537475586
25.003347396850586
25.385971069335938
24.90325355529785
24.829845428466797
24.409404754638672
24.07573699951172
23.746509552001953
24.338232040405273
25.058969497680664
24.86543083190918
25.123476028442383
25.034494400024414
24.916601181030273
25.35704231262207
25.339248657226562
25.030048370361328
24.554000854492188
24.320432662963867
23.635286331176758
23.637510299682617
23.968963623046875
24.889904022216797
24.916601181030273
24.302631378173828
24.518409729003906
24.424983978271484
23.7620906829834
23.57744789123535
24.184738159179688
24.369367599487305
25.003347396850586
25.132375717163086
25.1590633392334
24.27817153930664
25.650684356689453
26.449281692504883
26.062213897705078
26.38922119140625
26.393665313720703
26.596094131469727
26.785926818847656
26.56036949157715
26.736787796020508
27.250438690185547
27.889163970947266
28.24201774597168
28.380475997924805
28.547975540161133
28.746734619140625
28.686439514160156
28.920934677124023
29.70257568359375
29.5172176361084
28.762365341186523
29.126401901245117
28.688674926757812
28.829368591308594
28.88966941833496
28.7065372467041
28.230850219726562
28.273286819458008
28.393882751464844
27.806528091430664
27.299575805664062
27.793128967285156
27.6010684967041
27.904794692993164
28.371551513671875
28.690902709960938
28.474271774291992
28.11695671081543
28.409517288208008
28.293384552001953
27.554170608520508
27.746225357055664
27.52513313293457
28.2219181060791
27.788665771484375
27.748464584350586
27.987428665161133
28.440778732299805
28.14151954650879
28.049959182739258
28.26434898376465
28.384946823120117
28.32911491394043
28.206289291381836
28.3134822845459
28.177242279052734
27.860130310058594
28.49660873413086
28.342519760131836
28.724403381347656
28.958904266357422
29.095129013061523
29.624408721923828
29.15766143798828
28.728872299194336
27.94945526123047
28.798105239868164
28.74227523803711
28.094627380371094
27.91819190979004
28.090871810913086
28.62013053894043
28.328584671020508
28.227684020996094
28.259075164794922
28.91839027404785
28.87803077697754
29.196483612060547
29.169567108154297
29.167327880859375
29.465587615966797
29.723491668701172
29.068647384643555
29.611366271972656
29.553054809570312
29.216657638549805
29.27496910095215
29.144906997680664
29.180776596069336
29.01034164428711
28.851112365722656
28.660497665405273
28.575273513793945
28.902694702148438
28.837665557861328
28.519207000732422
28.463151931762695
28.615646362304688
28.54836654663086
28.678434371948242
28.39138412475586
28.617883682250977
28.487815856933594
28.730010986328125
28.593212127685547
28.425024032592773
27.927167892456055
28.128999710083008
28.39138412475586
28.355499267578125
28.256824493408203
28.18730926513672
27.48761749267578
26.92696762084961
27.646839141845703
28.180580139160156
28.169363021850586
28.44072151184082
28.81972312927246
29.068647384643555
29.618093490600586
29.322065353393555
28.081905364990234
28.068449020385742
27.920440673828125
27.53246307373047
27.669267654418945
27.581802368164062
27.442758560180664
27.202802658081055
26.56142234802246
25.709228515625
25.879661560058594
25.93598175048828
26.02383804321289
26.970001220703125
25.56653594970703
25.960763931274414
25.940486907958984
26.122961044311523
26.393291473388672
26.244617462158203
25.90895652770996
25.37730598449707
23.825153350830078
23.230426788330078
23.370100021362305
24.71048927307129
25.438125610351562
25.5214786529541
25.402082443237305
24.266687393188477
25.307466506958008
24.863672256469727
24.61586570739746
25.300701141357422
24.81411361694336
25.359277725219727
25.72873306274414
25.976531982421875
26.195049285888672
26.224340438842773
25.663402557373047
25.55752182006836
25.954008102416992
25.546253204345703
25.753515243530273
25.906694412231445
25.84136962890625
25.32999038696289
24.568561553955078
24.847902297973633
24.685705184936523
24.865921020507812
24.95603370666504
25.075429916381836
24.95603370666504
24.667680740356445
25.257905960083008
25.140762329101562
25.183563232421875
24.827625274658203
25.199337005615234
25.014604568481445
25.170047760009766
25.62959861755371
25.627361297607422
26.01934051513672
26.825824737548828
25.969776153564453
25.805320739746094
26.868623733520508
27.15247344970703
26.92044448852539
27.29890251159668
27.612035751342773
27.483623504638672
27.356931686401367
27.38860511779785
27.27775001525879
26.41803550720215
26.268714904785156
26.180482864379883
25.41579246520996
25.832077026367188
25.721220016479492
26.535680770874023
26.872777938842773
26.99042320251465
26.639753341674805
26.895402908325195
26.703096389770508
26.653329849243164
26.764184951782227
26.5469970703125
26.307174682617188
26.062837600708008
26.929344177246094
26.759658813476562
26.748342514038086
26.15786361694336
26.282289505004883
25.605833053588867
25.44746971130371
24.997257232666016
25.189552307128906
24.65563201904297
23.988222122192383
24.28233528137207
24.259708404541016
24.571918487548828
24.440706253051758
24.166948318481445
24.60132598876953
24.280071258544922
23.814014434814453
23.83437728881836
23.23710060119629
22.782358169555664
21.820842742919922
21.936222076416016
22.29141616821289
22.614944458007812
22.033506393432617
22.515398025512695
21.974685668945312
21.86835289001465
21.897762298583984
21.786909103393555
22.945253372192383
22.497299194335938
22.621726989746094
21.135337829589844
21.286914825439453
22.022193908691406
21.816308975219727
21.375146865844727
21.798215866088867
21.973369598388672
21.386497497558594
21.611698150634766
21.60714340209961
21.443363189697266
21.31371307373047
21.379676818847656
21.982463836669922
22.319114685058594
21.896026611328125
21.84598159790039
22.03705406188965
21.538902282714844
21.859630584716797
22.009761810302734
22.04388427734375
21.99384307861328
22.867311477661133
22.9173526763916
23.087955474853516
23.43143081665039
23.1721248626709
22.98105239868164
23.00152015686035
23.012893676757812
23.26083755493164
23.319978713989258
23.78856086730957
24.104736328125
24.06607437133789
24.093364715576172
24.091093063354492
24.275331497192383
24.141136169433594
24.036495208740234
23.92731285095215
24.493709564208984
24.92134666442871
24.791688919067383
25.019155502319336
25.276193618774414
24.978206634521484
25.239805221557617
24.6893310546875
24.71662712097168
24.798511505126953
25.12152099609375
25.485464096069336
25.499116897583008
24.987306594848633
24.448219299316406
24.318559646606445
24.368600845336914
24.104736328125
24.038772583007812
23.90229606628418
23.736234664916992
22.250869750976562
21.570751190185547
21.32280921936035
21.300064086914062
21.65035629272461
21.4251708984375
21.338205337524414
21.21920394897461
21.23522186279297
21.3794002532959
21.171144485473633
20.67453384399414
20.715730667114258
21.48467445373535
21.395418167114258
21.640291213989258
21.557905197143555
21.791332244873047
22.06824493408203
22.4046573638916
22.798288345336914
22.97907257080078
22.965349197387695
22.853206634521484
22.53281593322754
22.36346435546875
22.409236907958984
22.57171630859375
22.663267135620117
22.642669677734375
22.805152893066406
22.61748695373535
22.276500701904297
22.303970336914062
22.230728149414062
22.324556350708008
21.816509246826172
21.763870239257812
21.949241638183594
21.866851806640625
21.992719650268555
21.374818801879883
21.063579559326172
21.418302536010742
21.60367202758789
21.8782958984375
21.944658279418945
21.738697052001953
21.86227798461914
21.95611000061035
22.125455856323242
22.194120407104492
22.294811248779297
22.1689395904541
22.608341217041016
22.606046676635742
22.846342086791992
22.85550308227539
22.876094818115234
22.754806518554688
22.578580856323242
22.276500701904297
22.123172760009766
23.56035804748535
23.87846565246582
23.848716735839844
24.269804000854492
23.910511016845703
24.210304260253906
24.359865188598633
24.73031234741211
24.93509292602539
25.036333084106445
24.849958419799805
24.8338565826416
24.89137840270996
25.19049835205078
25.167482376098633
25.130674362182617
25.098459243774414
25.162885665893555
24.967309951782227
25.0455379486084
24.856868743896484
24.751026153564453
24.606063842773438
24.578454971313477
24.389768600463867
24.41278839111328
24.557743072509766
24.787841796875
24.780927658081055
24.932798385620117
24.279329299926758
23.729413986206055
24.26093292236328
24.838451385498047
25.7174129486084
26.59176254272461
26.44219970703125
26.133872985839844
26.131576538085938
26.126976013183594
26.3731689453125
25.933696746826172
25.97281265258789
26.02113151550293
26.219009399414062
25.811744689941406
26.011930465698242
25.88998031616211
26.00041961669922
26.011930465698242
26.20520782470703
26.24431800842285
26.702205657958984
26.759721755981445
26.999021530151367
26.916189193725586
27.065753936767578
27.047344207763672
27.0289363861084
26.94840431213379
26.93459129333496
26.828754425048828
27.070350646972656
27.208402633666992
26.596357345581055
26.340957641601562
26.166091918945312
26.12466812133789
25.652984619140625
25.67599105834961
25.40077781677246
25.17181396484375
25.534914016723633
25.685239791870117
25.643613815307617
24.928979873657227
25.076995849609375
24.44793128967285
24.771713256835938
25.437782287597656
25.428531646728516
25.45396614074707
25.84020233154297
25.856382369995117
25.72456169128418
25.854074478149414
25.80319595336914
25.777753829956055
25.560354232788086
25.322141647338867
25.416969299316406
25.2342586517334
25.428531646728516
25.678302764892578
25.930395126342773
26.353622436523438
26.20330047607422
26.640403747558594
26.640403747558594
26.786104202270508
26.82079315185547
26.975751876831055
27.047439575195312
27.072879791259766
26.894805908203125
26.947996139526367
27.119136810302734
27.003507614135742
26.996564865112305
26.786104202270508
26.862424850463867
26.832355499267578
26.968814849853516
27.269468307495117
27.519235610961914
27.546993255615234
27.695009231567383
27.579376220703125
27.53080940246582
27.75282859802246
27.750513076782227
27.701948165893555
27.75282859802246
27.771329879760742
27.745887756347656
28.187620162963867
28.201507568359375
28.203813552856445
28.12980842590332
28.06505012512207
29.776466369628906
29.72559356689453
29.85279083251953
30.132625579833984
30.419410705566406
30.53736114501953
30.758020401000977
30.68834686279297
30.960100173950195
31.361942291259766
31.47575569152832
31.438600540161133
31.5245418548584
31.752168655395508
31.847400665283203
31.71268653869629
31.74286651611328
31.805593490600586
31.81952476501465
32.46989440917969
32.277103424072266
32.46757888793945
32.3653678894043
32.40718460083008
32.286399841308594
32.21207809448242
32.31892395019531
32.332862854003906
32.28407669067383
32.62553405761719
32.678958892822266
32.51634979248047
32.857810974121094
32.48151779174805
32.848506927490234
32.73237991333008
32.66734313964844
32.723079681396484
33.40132141113281
33.47566604614258
33.4315185546875
33.368804931640625
33.37810134887695
33.62664031982422
33.452423095703125
33.368804931640625
33.29447555541992
33.25498962402344
32.89728927612305
32.936771392822266
32.7625732421875
32.94373321533203
32.79740905761719
32.676631927490234
33.0854377746582
33.04594421386719
33.36418151855469
33.57089614868164
33.373451232910156
33.399009704589844
33.36650085449219
34.047061920166016
34.263065338134766
34.15855026245117
34.03544616699219
34.599876403808594
35.540592193603516
35.768226623535156
35.598663330078125
35.906524658203125
36.407989501953125
36.31468963623047
36.26105499267578
35.04356384277344
35.57767105102539
35.69895553588867
35.915863037109375
35.87155532836914
35.76424789428711
35.887874603271484
35.827232360839844
35.841224670410156
35.62898254394531
35.7269401550293
36.25638198852539
35.9018669128418
36.02315139770508
36.23772430419922
36.14909744262695
34.74734878540039
33.91703414916992
34.189918518066406
33.85639572143555
33.65348434448242
33.18234634399414
34.13162612915039
33.821414947509766
34.022003173828125
33.96602249145508
34.11762237548828
34.010337829589844
33.52286148071289
34.012664794921875
33.51120376586914
33.59050750732422
33.46922302246094
33.60683822631836
33.289634704589844
33.62782287597656
33.833072662353516
33.94269561767578
33.991676330566406
34.46514892578125
34.76134490966797
34.882625579833984
35.0039176940918
35.223167419433594
35.064537048339844
35.048221588134766
35.47270965576172
35.62432098388672
35.79224395751953
35.11587142944336
34.86863708496094
34.689048767089844
34.996910095214844
36.65055465698242
36.28437423706055
36.47563552856445
37.0400505065918
37.33626937866211
37.56483459472656
36.368324279785156
36.874080657958984
37.42903137207031
37.83879089355469
37.686588287353516
36.96306610107422
36.8787727355957
36.81087875366211
37.41264343261719
37.459476470947266
37.29320526123047
37.43137741088867
37.808345794677734
38.145530700683594
38.24856185913086
38.4007568359375
38.4124641418457
37.9511833190918
37.911380767822266
37.7591667175293
37.14335632324219
37.81536865234375
37.66552734375
37.3821907043457
37.06140899658203
37.43605041503906
37.152713775634766
37.166770935058594
36.543949127197266
35.91640853881836
35.565181732177734
35.25141525268555
35.857872009277344
36.11309814453125
35.890647888183594
36.08733367919922
36.014747619628906
36.171630859375
35.93749237060547
36.38471603393555
36.3636360168457
36.490074157714844
36.50413513183594
36.65631866455078
36.52753448486328
36.75934982299805
37.43605041503906
37.5742073059082
37.40793991088867
36.522857666015625
36.586082458496094
36.56734848022461
36.78510665893555
36.623538970947266
36.85769271850586
38.17831039428711
39.03765106201172
39.58087921142578
39.07744598388672
39.36311721801758
40.39103317260742
40.80079650878906
40.931922912597656
41.26676559448242
41.182464599609375
41.046173095703125
40.88167953491211
40.26364517211914
39.7325553894043
40.20724868774414
39.98400115966797
39.94404983520508
40.6866340637207
41.11431884765625
41.116676330566406
40.90987777709961
40.670188903808594
39.826560974121094
40.38349914550781
40.19549560546875
39.901756286621094
39.86415481567383
39.71611022949219
39.78895568847656
39.80071258544922
40.576175689697266
40.34824752807617
40.48219299316406
40.47043228149414
40.88167953491211
41.45741271972656
41.01561737060547
40.97097396850586
41.126068115234375
41.126068115234375
40.082698822021484
40.08975601196289
40.202545166015625
39.76780700683594
