3.9600000381469727
4.010000228881836
3.9100000858306885
3.940000057220459
3.9100000858306885
4.059999942779541
3.9600000381469727
3.9000000953674316
3.950000047683716
3.940000057220459
4.050000190734863
4.090000152587891
4.070000171661377
3.869999885559082
4.0
4.050000190734863
4.150000095367432
4.139999866485596
4.079999923706055
4.079999923706055
4.099999904632568
3.9700000286102295
4.059999942779541
4.070000171661377
4.0
4.050000190734863
3.9800000190734863
4.449999809265137
4.320000171661377
4.400000095367432
4.429999828338623
4.380000114440918
4.639999866485596
4.03000020980835
3.9000000953674316
3.6600000858306885
3.630000114440918
3.700000047683716
3.819999933242798
3.75
3.819999933242798
3.7699999809265137
3.809999942779541
3.799999952316284
3.819999933242798
3.7200000286102295
3.690000057220459
3.7100000381469727
3.6500000953674316
3.6500000953674316
3.690000057220459
3.819999933242798
3.690000057220459
3.6600000858306885
3.5999999046325684
3.630000114440918
3.609999895095825
3.630000114440918
3.6500000953674316
3.5799999237060547
3.390000104904175
3.4200000762939453
3.380000114440918
3.2699999809265137
3.2699999809265137
3.309999942779541
3.4100000858306885
3.569999933242798
3.690000057220459
3.869999885559082
3.819999933242798
3.75
3.8299999237060547
3.819999933242798
3.8499999046325684
3.930000066757202
3.950000047683716
3.8299999237060547
3.7899999618530273
3.799999952316284
3.9100000858306885
3.890000104904175
3.859999895095825
3.809999942779541
3.859999895095825
3.9000000953674316
3.9000000953674316
3.9100000858306885
3.859999895095825
3.7200000286102295
3.6500000953674316
3.7899999618530273
3.8299999237060547
3.9700000286102295
4.019999980926514
4.090000152587891
4.090000152587891
3.5299999713897705
3.369999885559082
3.180000066757202
3.140000104904175
3.2300000190734863
3.3399999141693115
3.319999933242798
3.3299999237060547
3.299999952316284
3.3399999141693115
3.309999942779541
3.319999933242798
3.3299999237060547
3.319999933242798
3.2799999713897705
3.2699999809265137
3.3399999141693115
3.440000057220459
3.5399999618530273
3.5199999809265137
3.5
3.4700000286102295
3.4200000762939453
3.4200000762939453
3.369999885559082
3.3399999141693115
3.390000104904175
3.450000047683716
3.559999942779541
3.640000104904175
3.6600000858306885
3.619999885559082
3.569999933242798
3.640000104904175
3.6600000858306885
3.630000114440918
3.7200000286102295
3.680000066757202
3.690000057220459
3.690000057220459
3.5899999141693115
3.6500000953674316
3.6500000953674316
3.6500000953674316
3.690000057220459
3.75
3.7699999809265137
3.799999952316284
3.7799999713897705
3.8499999046325684
3.869999885559082
3.950000047683716
4.0
4.130000114440918
4.179999828338623
4.179999828338623
4.090000152587891
4.170000076293945
4.130000114440918
4.300000190734863
4.46999979019165
4.380000114440918
4.179999828338623
4.170000076293945
3.6700000762939453
3.619999885559082
3.4700000286102295
3.4100000858306885
3.5399999618530273
3.4800000190734863
3.4800000190734863
3.430000066757202
3.3299999237060547
3.369999885559082
3.309999942779541
3.4100000858306885
3.4700000286102295
3.630000114440918
3.700000047683716
3.690000057220459
3.700000047683716
3.690000057220459
3.700000047683716
3.7200000286102295
3.690000057220459
3.690000057220459
3.7100000381469727
3.690000057220459
3.700000047683716
3.7100000381469727
3.7100000381469727
3.6700000762939453
3.700000047683716
3.7100000381469727
3.7300000190734863
3.950000047683716
3.809999942779541
3.8499999046325684
3.9100000858306885
3.859999895095825
3.8499999046325684
3.799999952316284
3.890000104904175
3.9800000190734863
4.050000190734863
4.039999961853027
4.050000190734863
4.050000190734863
4.050000190734863
3.9100000858306885
3.880000114440918
4.010000228881836
4.070000171661377
4.059999942779541
4.0
4.010000228881836
3.880000114440918
3.990000009536743
3.9800000190734863
3.8499999046325684
3.6500000953674316
3.7100000381469727
3.7899999618530273
3.759999990463257
3.690000057220459
4.119999885559082
4.300000190734863
4.25
4.28000020980835
4.050000190734863
3.9600000381469727
4.03000020980835
4.090000152587891
4.199999809265137
4.119999885559082
4.090000152587891
4.010000228881836
3.9700000286102295
3.930000066757202
3.869999885559082
3.9700000286102295
4.03000020980835
3.9800000190734863
3.9600000381469727
4.019999980926514
4.090000152587891
4.050000190734863
4.099999904632568
4.010000228881836
4.019999980926514
4.039999961853027
4.0
4.03000020980835
4.0
3.9700000286102295
3.940000057220459
4.039999961853027
4.079999923706055
4.059999942779541
4.070000171661377
4.199999809265137
4.289999961853027
4.289999961853027
4.28000020980835
4.440000057220459
4.46999979019165
4.400000095367432
4.360000133514404
4.099999904632568
4.010000228881836
3.940000057220459
3.9600000381469727
4.03000020980835
4.110000133514404
4.190000057220459
4.21999979019165
4.340000152587891
4.239999771118164
4.260000228881836
4.21999979019165
4.230000019073486
4.289999961853027
4.369999885559082
4.639999866485596
4.53000020980835
4.659999847412109
4.570000171661377
3.8299999237060547
3.7799999713897705
3.799999952316284
3.759999990463257
3.7300000190734863
3.759999990463257
3.7300000190734863
3.7899999618530273
3.819999933242798
3.9100000858306885
3.9700000286102295
4.0
4.079999923706055
4.119999885559082
4.099999904632568
4.119999885559082
4.139999866485596
4.079999923706055
4.110000133514404
4.079999923706055
4.130000114440918
4.210000038146973
4.269999980926514
4.28000020980835
4.239999771118164
4.25
4.179999828338623
4.190000057220459
4.159999847412109
4.139999866485596
4.170000076293945
4.159999847412109
4.190000057220459
4.150000095367432
4.150000095367432
4.130000114440918
4.079999923706055
4.079999923706055
4.079999923706055
3.9600000381469727
3.9100000858306885
3.809999942779541
3.819999933242798
3.880000114440918
3.809999942779541
3.759999990463257
3.690000057220459
3.700000047683716
3.630000114440918
3.5999999046325684
3.549999952316284
3.4100000858306885
3.3499999046325684
3.390000104904175
3.4000000953674316
3.359999895095825
3.2799999713897705
3.2799999713897705
2.950000047683716
2.7200000286102295
2.740000009536743
2.619999885559082
2.609999895095825
2.640000104904175
2.7200000286102295
2.6700000762939453
2.7699999809265137
2.640000104904175
2.690000057220459
2.680000066757202
2.6600000858306885
2.7200000286102295
2.7699999809265137
2.75
2.799999952316284
2.869999885559082
2.8299999237060547
2.799999952316284
2.759999990463257
2.7799999713897705
2.759999990463257
2.7300000190734863
2.7100000381469727
2.6600000858306885
2.609999895095825
2.6700000762939453
2.6500000953674316
2.630000114440918
2.690000057220459
2.7699999809265137
2.8299999237060547
2.8299999237060547
2.8399999141693115
2.7899999618530273
2.6700000762939453
2.680000066757202
2.740000009536743
2.690000057220459
2.6600000858306885
2.5799999237060547
2.5899999141693115
2.4800000190734863
2.490000009536743
2.5199999809265137
2.4700000286102295
2.5
2.549999952316284
2.549999952316284
2.569999933242798
2.6600000858306885
2.6700000762939453
2.6500000953674316
2.6500000953674316
2.6600000858306885
2.630000114440918
2.6700000762939453
2.6700000762939453
2.6600000858306885
2.630000114440918
2.5799999237060547
2.609999895095825
2.630000114440918
2.630000114440918
2.6600000858306885
2.630000114440918
2.5199999809265137
2.390000104904175
2.240000009536743
2.450000047683716
2.4700000286102295
2.450000047683716
2.609999895095825
2.700000047683716
2.630000114440918
2.609999895095825
2.569999933242798
2.6700000762939453
2.759999990463257
2.8499999046325684
3.309999942779541
3.0299999713897705
3.0399999618530273
3.0399999618530273
3.069999933242798
3.119999885559082
3.1500000953674316
3.109999895095825
3.0799999237060547
3.059999942779541
3.059999942779541
3.059999942779541
3.109999895095825
3.0999999046325684
3.0799999237060547
3.109999895095825
3.2100000381469727
3.140000104904175
3.049999952316284
2.9800000190734863
2.9200000762939453
2.930000066757202
2.9200000762939453
2.8399999141693115
2.759999990463257
2.75
2.759999990463257
2.7699999809265137
2.75
2.740000009536743
2.799999952316284
2.8399999141693115
2.7899999618530273
2.630000114440918
2.6500000953674316
2.7200000286102295
2.700000047683716
2.680000066757202
2.690000057220459
2.690000057220459
2.700000047683716
2.700000047683716
2.7100000381469727
2.7200000286102295
2.759999990463257
2.7799999713897705
2.6700000762939453
2.700000047683716
2.869999885559082
2.5799999237060547
2.490000009536743
2.3499999046325684
2.2799999713897705
2.3299999237060547
2.299999952316284
2.3399999141693115
2.309999942779541
2.2799999713897705
2.259999990463257
2.309999942779541
2.309999942779541
2.2799999713897705
2.2899999618530273
2.319999933242798
2.309999942779541
2.319999933242798
2.3499999046325684
2.369999885559082
2.3299999237060547
2.319999933242798
2.3499999046325684
2.2799999713897705
2.319999933242798
2.2799999713897705
2.2799999713897705
2.2200000286102295
2.2799999713897705
2.2699999809265137
2.2799999713897705
2.25
2.299999952316284
2.2799999713897705
2.3299999237060547
2.3299999237060547
2.309999942779541
2.2899999618530273
2.319999933242798
2.319999933242798
2.309999942779541
2.319999933242798
2.3499999046325684
2.4700000286102295
2.5199999809265137
2.5799999237060547
2.619999885559082
2.609999895095825
2.619999885559082
2.5799999237060547
2.4700000286102295
2.3399999141693115
2.4000000953674316
2.4200000762939453
2.5299999713897705
2.4700000286102295
2.0899999141693115
2.009999990463257
1.9800000190734863
1.9600000381469727
1.9600000381469727
2.049999952316284
1.9600000381469727
1.8700000047683716
1.7899999618530273
1.7999999523162842
1.7999999523162842
1.7899999618530273
1.7599999904632568
1.6699999570846558
1.6200000047683716
1.7699999809265137
1.9600000381469727
1.9299999475479126
1.9299999475479126
2.200000047683716
2.130000114440918
2.1600000858306885
2.109999895095825
2.0899999141693115
1.9299999475479126
1.899999976158142
1.899999976158142
1.7899999618530273
1.840000033378601
1.7999999523162842
1.7999999523162842
1.7999999523162842
1.7000000476837158
1.7799999713897705
1.75
1.659999966621399
1.7200000286102295
1.7799999713897705
1.850000023841858
1.809999942779541
1.7100000381469727
1.7699999809265137
1.7899999618530273
1.8200000524520874
1.8799999952316284
1.850000023841858
1.840000033378601
2.009999990463257
1.8200000524520874
1.8600000143051147
1.8899999856948853
1.8899999856948853
1.8700000047683716
1.809999942779541
1.7300000190734863
1.7000000476837158
1.7200000286102295
1.7100000381469727
1.659999966621399
1.6699999570846558
1.7200000286102295
1.7400000095367432
1.8300000429153442
1.7999999523162842
1.8300000429153442
1.8600000143051147
1.9299999475479126
1.9600000381469727
1.8700000047683716
1.9199999570846558
1.9500000476837158
1.9700000286102295
1.940000057220459
2.009999990463257
2.0199999809265137
2.0999999046325684
2.140000104904175
2.2100000381469727
2.1500000953674316
2.1500000953674316
2.180000066757202
2.130000114440918
2.119999885559082
2.190000057220459
2.2799999713897705
2.200000047683716
2.200000047683716
2.1500000953674316
2.109999895095825
2.0199999809265137
2.069999933242798
2.0
1.9900000095367432
1.9900000095367432
1.9800000190734863
2.119999885559082
2.140000104904175
2.2200000286102295
2.2200000286102295
2.3399999141693115
2.380000114440918
2.3299999237060547
2.359999895095825
2.3399999141693115
2.2699999809265137
2.2300000190734863
2.2799999713897705
2.359999895095825
2.390000104904175
2.3499999046325684
2.450000047683716
2.359999895095825
2.3399999141693115
2.359999895095825
2.5399999618530273
2.559999942779541
2.450000047683716
2.5299999713897705
2.7699999809265137
2.8299999237060547
2.9200000762939453
3.0
3.0
2.9800000190734863
2.869999885559082
2.7699999809265137
2.75
2.509999990463257
2.2799999713897705
2.140000104904175
2.3399999141693115
2.390000104904175
2.25
2.2100000381469727
2.0299999713897705
1.9500000476837158
1.7999999523162842
2.0899999141693115
2.0199999809265137
2.119999885559082
2.069999933242798
2.130000114440918
2.0799999237060547
2.200000047683716
2.140000104904175
1.9900000095367432
2.069999933242798
2.0899999141693115
1.9800000190734863
1.9299999475479126
1.899999976158142
1.840000033378601
1.8600000143051147
1.8300000429153442
1.8300000429153442
1.899999976158142
1.909999966621399
1.909999966621399
2.009999990463257
1.9700000286102295
2.0199999809265137
2.0299999713897705
2.069999933242798
2.140000104904175
2.180000066757202
2.319999933242798
2.4600000381469727
2.369999885559082
2.4700000286102295
2.299999952316284
2.259999990463257
2.259999990463257
2.5199999809265137
2.7200000286102295
2.490000009536743
2.630000114440918
2.799999952316284
2.930000066757202
2.799999952316284
2.7899999618530273
2.680000066757202
2.7899999618530273
2.7799999713897705
2.859999895095825
2.859999895095825
2.8499999046325684
2.8299999237060547
2.8299999237060547
2.759999990463257
2.799999952316284
2.640000104904175
2.740000009536743
2.759999990463257
2.809999942779541
2.799999952316284
2.7200000286102295
2.700000047683716
2.759999990463257
2.619999885559082
2.700000047683716
2.619999885559082
3.990000009536743
3.450000047683716
3.6600000858306885
3.7300000190734863
3.609999895095825
3.549999952316284
3.740000009536743
3.5999999046325684
3.5999999046325684
3.6600000858306885
3.680000066757202
3.6500000953674316
3.640000104904175
3.6500000953674316
3.5899999141693115
3.6700000762939453
3.7899999618530273
3.7899999618530273
3.8399999141693115
3.7699999809265137
3.869999885559082
4.039999961853027
4.199999809265137
4.179999828338623
4.349999904632568
4.599999904632568
4.570000171661377
4.429999828338623
4.239999771118164
4.159999847412109
4.46999979019165
4.510000228881836
4.460000038146973
4.519999980926514
4.320000171661377
4.400000095367432
4.389999866485596
4.420000076293945
4.75
5.260000228881836
5.099999904632568
5.449999809265137
5.019999980926514
5.210000038146973
4.880000114440918
4.71999979019165
5.119999885559082
5.130000114440918
5.139999866485596
5.070000171661377
4.960000038146973
5.039999961853027
5.019999980926514
5.099999904632568
5.010000228881836
5.139999866485596
5.090000152587891
5.170000076293945
5.139999866485596
5.510000228881836
5.409999847412109
5.409999847412109
5.21999979019165
5.840000152587891
6.699999809265137
6.980000019073486
6.849999904632568
6.820000171661377
6.860000133514404
6.639999866485596
6.260000228881836
6.300000190734863
6.46999979019165
6.610000133514404
6.679999828338623
6.599999904632568
6.489999771118164
6.579999923706055
6.730000019073486
6.949999809265137
6.78000020980835
6.679999828338623
7.039999961853027
7.619999885559082
7.579999923706055
7.670000076293945
7.429999828338623
7.46999979019165
7.670000076293945
7.590000152587891
7.489999771118164
7.400000095367432
7.349999904632568
7.510000228881836
7.340000152587891
6.840000152587891
6.230000019073486
5.900000095367432
5.940000057220459
5.739999771118164
6.039999961853027
6.019999980926514
6.050000190734863
6.159999847412109
6.170000076293945
6.289999961853027
6.369999885559082
6.550000190734863
6.320000171661377
6.539999961853027
6.590000152587891
6.670000076293945
6.909999847412109
6.949999809265137
6.96999979019165
6.78000020980835
6.960000038146973
6.75
6.840000152587891
6.5
6.619999885559082
6.489999771118164
6.75
6.670000076293945
6.730000019073486
6.769999980926514
6.960000038146973
6.519999980926514
7.010000228881836
7.5
7.289999961853027
7.110000133514404
7.199999809265137
7.230000019073486
7.090000152587891
6.760000228881836
6.699999809265137
6.559999942779541
6.960000038146973
7.0
6.940000057220459
6.300000190734863
6.690000057220459
6.789999961853027
6.96999979019165
7.670000076293945
8.460000038146973
8.710000038146973
8.9399995803833
8.6899995803833
8.800000190734863
8.770000457763672
8.829999923706055
8.930000305175781
8.90999984741211
8.390000343322754
8.529999732971191
8.680000305175781
9.449999809265137
9.5600004196167
10.34000015258789
10.34000015258789
10.680000305175781
10.539999961853027
10.550000190734863
10.859999656677246
10.65999984741211
10.949999809265137
11.510000228881836
11.470000267028809
11.600000381469727
11.579999923706055
12.069999694824219
11.550000190734863
11.59000015258789
11.34000015258789
11.430000305175781
11.430000305175781
11.239999771118164
11.319999694824219
11.489999771118164
11.4399995803833
11.199999809265137
10.760000228881836
10.579999923706055
9.819999694824219
9.880000114440918
9.770000457763672
9.75
9.90999984741211
10.4399995803833
10.350000381469727
10.520000457763672
10.670000076293945
10.609999656677246
10.369999885559082
12.0600004196167
12.279999732971191
12.239999771118164
13.630000114440918
13.289999961853027
13.5600004196167
13.420000076293945
13.579999923706055
13.489999771118164
13.260000228881836
13.300000190734863
12.970000267028809
13.130000114440918
14.0
14.279999732971191
14.319999694824219
14.119999885559082
15.199999809265137
14.460000038146973
14.960000038146973
13.899999618530273
13.029999732971191
13.039999961853027
13.050000190734863
13.220000267028809
13.329999923706055
13.90999984741211
14.279999732971191
14.100000381469727
13.979999542236328
13.649999618530273
13.489999771118164
14.399999618530273
13.819999694824219
14.100000381469727
13.789999961853027
13.699999809265137
13.699999809265137
13.6899995803833
13.710000038146973
14.050000190734863
14.550000190734863
14.640000343322754
14.15999984741211
14.170000076293945
13.270000457763672
13.520000457763672
13.100000381469727
13.100000381469727
12.760000228881836
12.3100004196167
12.789999961853027
12.949999809265137
12.84000015258789
13.109999656677246
13.0
13.130000114440918
13.489999771118164
13.40999984741211
13.619999885559082
13.300000190734863
13.619999885559082
10.319999694824219
10.390000343322754
10.100000381469727
10.1899995803833
10.039999961853027
10.180000305175781
10.789999961853027
11.069999694824219
11.260000228881836
11.420000076293945
12.75
11.199999809265137
11.279999732971191
11.40999984741211
11.039999961853027
10.890000343322754
10.890000343322754
10.979999542236328
11.0
11.119999885559082
11.1899995803833
10.930000305175781
10.899999618530273
11.239999771118164
12.029999732971191
12.380000114440918
12.899999618530273
12.279999732971191
12.09000015258789
11.960000038146973
11.770000457763672
11.5
11.4399995803833
11.930000305175781
12.640000343322754
13.979999542236328
14.380000114440918
14.170000076293945
14.079999923706055
13.399999618530273
13.229999542236328
12.600000381469727
12.479999542236328
12.149999618530273
13.1899995803833
13.020000457763672
13.359999656677246
13.8100004196167
13.890000343322754
14.289999961853027
13.529999732971191
13.920000076293945
13.800000190734863
13.479999542236328
13.550000190734863
13.800000190734863
13.880000114440918
14.15999984741211
14.109999656677246
14.760000228881836
14.119999885559082
13.949999809265137
13.609999656677246
13.710000038146973
13.369999885559082
13.239999771118164
13.119999885559082
13.430000305175781
13.109999656677246
12.829999923706055
12.119999885559082
12.229999542236328
12.760000228881836
13.020000457763672
12.630000114440918
12.34000015258789
12.369999885559082
12.050000190734863
12.170000076293945
12.479999542236328
12.5
12.430000305175781
12.229999542236328
12.149999618530273
12.670000076293945
13.0
13.1899995803833
12.920000076293945
12.859999656677246
12.630000114440918
12.25
12.550000190734863
12.300000190734863
12.220000267028809
12.260000228881836
12.520000457763672
13.079999923706055
13.119999885559082
13.739999771118164
13.40999984741211
13.300000190734863
12.609999656677246
12.449999809265137
12.739999771118164
12.739999771118164
12.75
12.710000038146973
13.420000076293945
13.3100004196167
13.34000015258789
13.229999542236328
13.470000267028809
13.699999809265137
13.880000114440918
14.199999809265137
14.220000267028809
14.260000228881836
14.15999984741211
14.069999694824219
13.949999809265137
13.8100004196167
14.100000381469727
14.25
12.329999923706055
12.010000228881836
11.84000015258789
10.890000343322754
10.989999771118164
10.800000190734863
10.850000381469727
11.119999885559082
11.930000305175781
12.050000190734863
11.710000038146973
11.119999885559082
11.260000228881836
11.09000015258789
11.119999885559082
11.069999694824219
11.25
11.380000114440918
11.34000015258789
11.399999618530273
11.369999885559082
11.380000114440918
11.550000190734863
11.170000076293945
10.829999923706055
10.890000343322754
10.729999542236328
10.029999732971191
9.90999984741211
10.0
10.039999961853027
9.9399995803833
10.15999984741211
9.899999618530273
10.109999656677246
10.130000114440918
10.289999961853027
10.979999542236328
10.949999809265137
10.979999542236328
10.890000343322754
10.539999961853027
10.460000038146973
10.529999732971191
10.550000190734863
10.279999732971191
