17.726499557495117
18.223499298095703
18.177499771118164
18.237499237060547
18.694499969482422
18.714000701904297
18.527999877929688
18.649999618530273
18.756999969482422
18.85849952697754
19.09149932861328
18.771499633789062
18.668500900268555
18.950000762939453
19.183000564575195
19.006999969482422
18.929500579833984
19.26849937438965
19.239999771118164
19.007999420166016
19.283000946044922
19.230499267578125
19.13599967956543
19.39150047302246
19.004499435424805
18.92799949645996
18.475500106811523
18.318500518798828
18.711999893188477
18.52899932861328
18.667499542236328
18.59600067138672
18.756999969482422
18.66200065612793
18.92449951171875
18.75550079345703
18.704500198364258
18.54800033569336
18.36750030517578
18.527999877929688
18.72949981689453
18.604999542236328
18.51300048828125
18.612499237060547
18.851999282836914
18.720500946044922
19.059999465942383
19.177000045776367
19.13249969482422
19.118000030517578
19.25550079345703
19.172500610351562
19.302000045776367
18.777999877929688
19.475500106811523
19.55900001525879
19.489999771118164
19.499500274658203
22.2549991607666
21.92799949645996
21.465499877929688
21.4685001373291
21.089000701904297
21.14349937438965
21.152000427246094
21.059499740600586
20.954999923706055
21.3439998626709
21.684499740600586
21.642499923706055
21.551000595092773
21.3435001373291
21.61400032043457
21.299999237060547
21.261999130249023
21.085500717163086
21.19300079345703
21.581499099731445
21.381500244140625
21.273500442504883
21.570999145507812
21.328500747680664
21.46150016784668
21.54599952697754
21.54949951171875
21.829500198364258
21.538999557495117
21.34749984741211
21.174999237060547
21.27400016784668
21.53849983215332
21.648500442504883
21.496000289916992
21.183500289916992
21.363000869750977
21.390499114990234
21.969499588012695
21.746000289916992
21.81450080871582
22.29949951171875
22.04199981689453
22.0049991607666
21.905000686645508
21.493000030517578
21.704500198364258
21.86949920654297
21.885499954223633
21.802000045776367
21.836000442504883
21.485000610351562
21.719499588012695
22.175500869750977
22.778499603271484
23.278499603271484
23.059499740600586
23.77400016784668
24.15049934387207
24.405000686645508
24.399999618530273
24.41349983215332
24.108999252319336
26.47100067138672
26.570499420166016
26.30150032043457
26.450000762939453
26.83799934387207
26.8075008392334
26.75149917602539
26.594999313354492
26.850500106811523
26.472999572753906
26.131000518798828
26.200000762939453
26.37299919128418
26.295499801635742
26.482999801635742
26.576000213623047
26.76099967956543
26.750999450683594
26.645999908447266
25.788999557495117
24.723499298095703
23.168500900268555
23.318500518798828
25.03849983215332
25.918500900268555
25.90049934387207
25.644500732421875
24.82699966430664
25.52750015258789
25.236000061035156
24.950000762939453
25.87700080871582
25.844499588012695
26.11199951171875
26.472000122070312
26.069000244140625
26.118499755859375
26.36949920654297
26.943500518798828
27.01300048828125
27.41950035095215
26.920000076293945
26.803499221801758
26.6875
26.212499618530273
25.202999114990234
24.803499221801758
25.594499588012695
26.035999298095703
26.62700080871582
27.18400001525879
26.874000549316406
27.097000122070312
26.658000946044922
26.989999771118164
27.50950050354004
27.44499969482422
27.241500854492188
28.121999740600586
28.538000106811523
28.657499313354492
28.04400062561035
27.78849983215332
28.195499420166016
29.951499938964844
30.430500030517578
30.550500869750977
30.854999542236328
31.327499389648438
31.295000076293945
31.417499542236328
31.265499114990234
32.04750061035156
32.782501220703125
32.96849822998047
32.77450180053711
32.98400115966797
33.662498474121094
33.279998779296875
32.11750030517578
32.390499114990234
32.165000915527344
33.176998138427734
33.063499450683594
33.42250061035156
33.949501037597656
33.557498931884766
33.766998291015625
33.66299819946289
33.2400016784668
33.952999114990234
33.800498962402344
33.3125
33.63199996948242
33.49150085449219
33.86650085449219
33.239498138427734
33.11600112915039
32.00749969482422
32.89550018310547
32.93199920654297
33.78850173950195
33.532501220703125
33.207000732421875
33.22549819946289
33.157501220703125
33.185001373291016
33.13949966430664
33.7599983215332
34.69850158691406
34.45349884033203
33.794498443603516
31.84950065612793
31.68950080871582
31.63249969482422
30.39699935913086
30.352500915527344
30.886999130249023
30.894500732421875
29.090499877929688
29.649999618530273
28.509000778198242
28.724000930786133
28.588499069213867
28.750999450683594
29.819000244140625
29.826499938964844
30.0625
29.167499542236328
31.767499923706055
29.350000381469727
28.74049949645996
27.604999542236328
26.553499221801758
26.812999725341797
25.10650062561035
24.405000686645508
24.103500366210938
24.52400016784668
25.19099998474121
25.354000091552734
26.05500030517578
26.704999923706055
26.25
26.7450008392334
27.975000381469727
27.64699935913086
27.70199966430664
27.75749969482422
27.761499404907227
27.625999450683594
28.95199966430664
29.010499954223633
28.874500274658203
28.756999969482422
28.139999389648438
28.01300048828125
27.973499298095703
27.946500778198242
28.480499267578125
28.668500900268555
28.85099983215332
28.713499069213867
27.972000122070312
27.604000091552734
27.698999404907227
28.02400016784668
28.48150062561035
29.147499084472656
28.993499755859375
29.69300079345703
29.934499740600586
29.68199920654297
29.924999237060547
29.659500122070312
29.30699920654297
30.104000091552734
29.571500778198242
29.729999542236328
29.796499252319336
30.15850067138672
30.740999221801758
31.037500381469727
31.29450035095215
31.767499923706055
31.395000457763672
31.649499893188477
31.549999237060547
31.024999618530273
31.309999465942383
30.8439998626709
30.328500747680664
30.100000381469727
32.97949981689453
34.192501068115234
33.566001892089844
33.54499816894531
32.954498291015625
33.6974983215332
33.98749923706055
35.153499603271484
35.6614990234375
35.89649963378906
35.49599838256836
35.53300094604492
34.76350021362305
34.872501373291016
34.92599868774414
35.13999938964844
34.837501525878906
35.209999084472656
35.41749954223633
35.74549865722656
35.61199951171875
36.13949966430664
35.97200012207031
36.4119987487793
36.277000427246094
36.33649826049805
36.1870002746582
36.332000732421875
36.38249969482422
35.89550018310547
35.762001037597656
35.96500015258789
35.7130012512207
35.8754997253418
35.31949996948242
35.70050048828125
35.79100036621094
35.529998779296875
36.104000091552734
34.948001861572266
34.56800079345703
35.397499084472656
35.779998779296875
35.78099822998047
36.284000396728516
36.404998779296875
36.88050079345703
36.82849884033203
37.29050064086914
37.68899917602539
37.410499572753906
37.131500244140625
37.060001373291016
36.77199935913086
36.80350112915039
36.997501373291016
37.2859992980957
37.221500396728516
37.24300003051758
36.980499267578125
36.77949905395508
36.833499908447266
37.63050079345703
37.94049835205078
38.387001037597656
38.02899932861328
37.731998443603516
38.03850173950195
38.29899978637695
38.327999114990234
38.41550064086914
38.428001403808594
38.5620002746582
38.62799835205078
38.42449951171875
38.20199966430664
38.23149871826172
38.222999572753906
37.865501403808594
37.9739990234375
38.122501373291016
37.86249923706055
37.96099853515625
38.45000076293945
38.56449890136719
38.37900161743164
38.45800018310547
38.53099822998047
38.62200164794922
39.44350051879883
39.2239990234375
39.202999114990234
38.00699996948242
38.574501037597656
38.050498962402344
38.054500579833984
38.484500885009766
38.92599868774414
38.755001068115234
39.01100158691406
39.48699951171875
40.23500061035156
40.287498474121094
39.95800018310547
40.80550003051758
41.43600082397461
41.45249938964844
41.865501403808594
41.83700180053711
41.701499938964844
42.21799850463867
42.08300018310547
41.971500396728516
42.08549880981445
41.54999923706055
41.704498291015625
41.4640007019043
41.14799880981445
40.647499084472656
40.88249969482422
40.884498596191406
40.51599884033203
40.949501037597656
41.90449905395508
41.75899887084961
41.12950134277344
40.917999267578125
38.816001892089844
39.49100112915039
39.27050018310547
38.27799987792969
38.35150146484375
37.752498626708984
39.246498107910156
39.38750076293945
38.59400177001953
37.11899948120117
36.95050048828125
35.95349884033203
37.1619987487793
37.324501037597656
37.81999969482422
38.007999420166016
39.0
39.26649856567383
39.00600051879883
39.01850128173828
38.3385009765625
38.125999450683594
37.528499603271484
37.182498931884766
37.016998291015625
37.96799850463867
38.236000061035156
38.520999908447266
38.36650085449219
38.43299865722656
38.00600051879883
38.71699905395508
38.441001892089844
38.04999923706055
37.88850021362305
38.29999923706055
38.56100082397461
38.529998779296875
38.31700134277344
38.02949905395508
38.56999969482422
38.60649871826172
38.25749969482422
37.493499755859375
37.68349838256836
37.85900115966797
39.022499084472656
39.79949951171875
39.84600067138672
39.79499816894531
39.95100021362305
40.68199920654297
40.856998443603516
40.486000061035156
40.374000549316406
40.45199966430664
40.416500091552734
40.89400100708008
41.12200164794922
41.82600021362305
41.95750045776367
41.78850173950195
41.51900100708008
41.17399978637695
41.61750030517578
41.997501373291016
40.5099983215332
40.38199996948242
40.625
40.98550033569336
41.06800079345703
41.37300109863281
41.826499938964844
41.81949996948242
42.1349983215332
42.207000732421875
42.253501892089844
42.821998596191406
42.78049850463867
42.609500885009766
42.262001037597656
42.43199920654297
42.25199890136719
42.65399932861328
42.445499420166016
42.49399948120117
42.330501556396484
42.30099868774414
42.525001525878906
42.650001525878906
42.62300109863281
42.72949981689453
42.62649917602539
42.64849853515625
42.67100143432617
42.615501403808594
42.8484992980957
42.15999984741211
42.40299987792969
42.36899948120117
42.28049850463867
42.340999603271484
42.79999923706055
43.715999603271484
43.81700134277344
44.32699966430664
44.57550048828125
45.34149932861328
45.4640007019043
44.91400146484375
44.74399948120117
45.35200119018555
45.11800003051758
44.811500549316406
44.23350143432617
45.0994987487793
45.18899917602539
44.959999084472656
45.10300064086914
44.92649841308594
45.37049865722656
45.38100051879883
45.464500427246094
45.91899871826172
46.2495002746582
47.4114990234375
47.34700012207031
47.05149841308594
46.87649917602539
46.70750045776367
47.45199966430664
47.64099884033203
47.4474983215332
47.38100051879883
48.067501068115234
47.89849853515625
48.30350112915039
47.237998962402344
47.92449951171875
47.992000579833984
48.53350067138672
48.57699966430664
49.01750183105469
49.66899871826172
49.78900146484375
49.834999084472656
49.73099899291992
49.79750061035156
50.33649826049805
50.56700134277344
50.150001525878906
50.503501892089844
50.51350021362305
48.91550064086914
48.24549865722656
49.03950119018555
48.82350158691406
48.208499908447266
49.385501861572266
49.75849914550781
49.62950134277344
50.11149978637695
50.064998626708984
50.1870002746582
49.69900131225586
48.8390007019043
49.51649856567383
48.79650115966797
48.400001525878906
47.68299865722656
48.56999969482422
48.25699996948242
48.9379997253418
49.82350158691406
49.70650100708008
50.32550048828125
50.03150177001953
50.09049987792969
50.50199890136719
51.22249984741211
51.34349822998047
51.435001373291016
51.28350067138672
51.9474983215332
51.993499755859375
52.63999938964844
52.29999923706055
51.00199890136719
49.388999938964844
49.80950164794922
49.794498443603516
49.34600067138672
49.37900161743164
49.61349868774414
49.492000579833984
49.10049819946289
47.84600067138672
48.39950180053711
49.165000915527344
49.137001037597656
48.909000396728516
48.028499603271484
47.923500061035156
47.66450119018555
48.345001220703125
47.900001525878906
47.622501373291016
47.26300048828125
47.30099868774414
47.702999114990234
48.37950134277344
49.029998779296875
48.912498474121094
48.26350021362305
48.38999938964844
48.9734992980957
48.29499816894531
48.89799880981445
49.12900161743164
49.97999954223633
49.61050033569336
49.339500427246094
48.70949935913086
48.49300003051758
48.660499572753906
48.23249816894531
47.755001068115234
46.989498138427734
46.93000030517578
47.54349899291992
47.81999969482422
48.067501068115234
47.95949935913086
47.85499954223633
48.272499084472656
49.04249954223633
49.479000091552734
49.54949951171875
49.36000061035156
49.75
50.04650115966797
50.14699935913086
50.31700134277344
50.45650100708008
49.849998474121094
49.330501556396484
49.14550018310547
48.314998626708984
48.79499816894531
48.64550018310547
48.621498107910156
55.04750061035156
55.54249954223633
55.263999938964844
55.183998107910156
54.71099853515625
55.58000183105469
56.03300094604492
56.15850067138672
56.64400100708008
56.45650100708008
56.26750183105469
56.458499908447266
56.84199905395508
56.33449935913086
56.864498138427734
56.49399948120117
56.31549835205078
56.9744987487793
57.80799865722656
59.29999923706055
59.791500091552734
59.68000030517578
58.063499450683594
58.837501525878906
58.11750030517578
56.6974983215332
57.07849884033203
57.61750030517578
57.989498138427734
58.099998474121094
58.44599914550781
58.25400161743164
58.20650100708008
58.7130012512207
58.957000732421875
59.52899932861328
59.36899948120117
58.88100051879883
58.737998962402344
58.417999267578125
58.8380012512207
59.112998962402344
59.30500030517578
58.4734992980957
59.45050048828125
60.209999084472656
60.47949981689453
61.457000732421875
62.34349822998047
62.6349983215332
62.71649932861328
63.83399963378906
65.26000213623047
65.24299621582031
64.75
64.66600036621094
64.72899627685547
66.3655014038086
68.12699890136719
67.87550354003906
68.89749908447266
70.10250091552734
70.88400268554688
71.89099884033203
72.54450225830078
69.5
71.49749755859375
69.5
72.14199829101562
70.83899688720703
67.5250015258789
66.9800033569336
69.3115005493164
70.72550201416016
72.55249786376953
73.08799743652344
72.43450164794922
73.4175033569336
74.14600372314453
74.26699829101562
75.0
76.09750366210938
75.5989990234375
75.62249755859375
74.67250061035156
75.01249694824219
76.18049621582031
76.88200378417969
77.25
77.59300231933594
78.94450378417969
79.91950225830078
79.40899658203125
79.55000305175781
79.11599731445312
78.58399963378906
77.24649810791016
79.32550048828125
79.09300231933594
77.24600219726562
74.77799987792969
77.79299926757812
74.85250091552734
71.57099914550781
72.36699676513672
68.59950256347656
69.60250091552734
70.52850341796875
72.5875015258789
70.2614974975586
70.30400085449219
71.81099700927734
71.35250091552734
72.42500305175781
71.53949737548828
72.07499694824219
75.19149780273438
76.39199829101562
77.84549713134766
76.37449645996094
75.89299774169922
73.00450134277344
73.00849914550781
75.89800262451172
78.63099670410156
78.30650329589844
79.11299896240234
78.48400115966797
78.60399627685547
79.04750061035156
80.00700378417969
79.61949920654297
80.4000015258789
80.4540023803711
80.14550018310547
80.0770034790039
78.80599975585938
79.36399841308594
79.08799743652344
78.71849822998047
79.27300262451172
79.06999969482422
80.09300231933594
80.15350341796875
80.50749969482422
80.64350128173828
81.24449920654297
81.48100280761719
82.0770034790039
83.26349639892578
84.81749725341797
84.7874984741211
84.46499633789062
84.19950103759766
84.45600128173828
84.9375
85.24299621582031
86.19300079345703
85.79850006103516
86.18949890136719
86.73899841308594
87.50399780273438
86.51100158691406
85.78350067138672
83.15750122070312
84.55449676513672
83.02549743652344
85.07250213623047
84.98999786376953
85.68900299072266
84.697998046875
84.98650360107422
85.53150177001953
86.95099639892578
87.15350341796875
87.75
89.83100128173828
90.65149688720703
91.12449645996094
92.19650268554688
92.14600372314453
90.64849853515625
90.68499755859375
90.0999984741211
91.46199798583984
93.18049621582031
90.4000015258789
90.8635025024414
88.96099853515625
88.87200164794922
89.8584976196289
91.71649932861328
91.16449737548828
92.38749694824219
93.1240005493164
94.32599639892578
94.9260025024414
94.31500244140625
94.80999755859375
95.98249816894531
94.13099670410156
94.32599639892578
94.11100006103516
93.83550262451172
94.1709976196289
95.24500274658203
95.1449966430664
95.26950073242188
96.38400268554688
96.64099884033203
99.90499877929688
100.11900329589844
100.635498046875
101.97550201416016
99.74099731445312
97.91549682617188
97.60350036621094
96.95050048828125
99.35749816894531
99.5
99.49349975585938
98.5094985961914
95.40149688720703
97.05249786376953
96.32099914550781
97.21499633789062
95.75050354003906
96.71800231933594
98.72750091552734
98.74250030517578
100.64900207519531
100.1500015258789
100.21800231933594
98.56549835205078
97.63800048828125
95.47100067138672
94.48249816894531
93.22100067138672
93.51599884033203
87.76249694824219
85.96800231933594
89.43049621582031
88.04750061035156
90.99800109863281
91.58650207519531
88.53600311279297
88.20149993896484
89.46499633789062
88.43499755859375
83.20999908447266
89.1084976196289
82.1405029296875
76.94400024414062
76.52100372314453
79.90049743652344
83.27649688720703
83.27649688720703
81.38999938964844
82.1405029296875
87.77449798583984
87.74549865722656
85.62149810791016
81.84249877929688
81.55850219726562
79.95050048828125
80.97200012207031
79.67050170898438
75.614501953125
74.77300262451172
75.83650207519531
75.10299682617188
79.06649780273438
79.07099914550781
83.88749694824219
83.67849731445312
84.50849914550781
88.61799621582031
83.41999816894531
84.95950317382812
81.45649719238281
82.05149841308594
82.16200256347656
83.177001953125
82.91899871826172
79.59549713134766
76.04550170898438
77.5739974975586
74.75399780273438
73.04149627685547
68.87249755859375
67.197998046875
73.54499816894531
73.08200073242188
73.9010009765625
75.09850311279297
76.95649719238281
75.01399993896484
78.76950073242188
81.47550201416016
82.8290023803711
82.97100067138672
82.81099700927734
82.02799987792969
80.8604965209961
83.72799682617188
84.18900299072266
84.66100311279297
84.80999755859375
81.6084976196289
82.0009994506836
82.74649810791016
83.52850341796875
81.89450073242188
79.69400024414062
83.52149963378906
85.9365005493164
81.3115005493164
81.66549682617188
82.94049835205078
82.01300048828125
80.71849822998047
79.41100311279297
79.55000305175781
81.90049743652344
82.0
81.13249969482422
80.39749908447266
81.37899780273438
81.1050033569336
80.97200012207031
81.5780029296875
81.6500015258789
81.81999969482422
82.05449676513672
81.99150085449219
83.58650207519531
84.80850219726562
84.62149810791016
83.44750213623047
81.29750061035156
81.04000091552734
83.53099822998047
83.65499877929688
84.54049682617188
84.31099700927734
85.61799621582031
87.10749816894531
88.09249877929688
89.8635025024414
90.96299743652344
88.2385025024414
88.71299743652344
89.18800354003906
88.28500366210938
88.6709976196289
89.0374984741211
90.70950317382812
90.6989974975586
91.03500366210938
90.94300079345703
91.86399841308594
92.49299621582031
91.79199981689453
92.36650085449219
92.20349884033203
92.15299987792969
92.24349975585938
93.1520004272461
93.24099731445312
93.08450317382812
94.3655014038086
96.1884994506836
95.0875015258789
95.11250305175781
97.53150177001953
96.92150115966797
96.32599639892578
95.57599639892578
95.04100036621094
98.12300109863281
97.52749633789062
96.05000305175781
95.88849639892578
94.99349975585938
94.4990005493164
91.13400268554688
92.00599670410156
93.55750274658203
95.37850189208984
93.44999694824219
92.94850158691406
92.8759994506836
92.98400115966797
90.77400207519531
91.16400146484375
91.82150268554688
90.95950317382812
90.81600189208984
88.75350189208984
84.6344985961914
86.47799682617188
86.92500305175781
87.71800231933594
90.20149993896484
93.03150177001953
93.18499755859375
92.76599884033203
93.51499938964844
93.4834976196289
94.30149841308594
95.06849670410156
95.43949890136719
95.90950012207031
95.56500244140625
95.69499969482422
93.91349792480469
94.8915023803711
95.21399688720703
94.68150329589844
96.1094970703125
96.71549987792969
96.94999694824219
97.14550018310547
97.61599731445312
99.41500091552734
100.87049865722656
100.05349731445312
100.55000305175781
101.04949951171875
100.49500274658203
99.60150146484375
98.8949966430664
98.22599792480469
99.28150177001953
99.72450256347656
100.04049682617188
98.69100189208984
97.15249633789062
95.62249755859375
94.92649841308594
93.33899688720703
92.76599884033203
91.16200256347656
88.25650024414062
89.3915023803711
89.66999816894531
91.64450073242188
90.37899780273438
89.24600219726562
91.21700286865234
88.14800262451172
88.80599975585938
89.62850189208984
90.80599975585938
90.06900024414062
91.177001953125
90.23300170898438
87.48100280761719
88.44349670410156
88.09149932861328
88.2125015258789
89.31999969482422
88.81449890136719
89.49199676513672
90.03099822998047
92.03600311279297
91.67549896240234
91.56749725341797
91.02749633789062
91.14949798583984
92.17749786376953
91.96700286865234
90.39199829101562
91.12750244140625
90.87300109863281
91.07499694824219
89.70800018310547
89.26499938964844
87.08049774169922
88.41649627685547
86.99199676513672
86.27249908447266
86.79550170898438
86.78250122070312
85.6614990234375
86.22100067138672
86.98249816894531
86.63300323486328
85.27549743652344
86.09950256347656
86.01300048828125
86.59600067138672
86.82150268554688
88.36900329589844
88.87149810791016
89.3740005493164
87.87550354003906
89.28299713134766
88.2864990234375
88.1084976196289
89.03900146484375
88.06649780273438
88.85399627685547
88.135498046875
88.99949645996094
88.83300018310547
89.5719985961914
90.23300170898438
90.08550262451172
89.78849792480469
89.41000366210938
89.29399871826172
88.5824966430664
88.9000015258789
87.65550231933594
87.7300033569336
86.97450256347656
87.62650299072266
87.6395034790039
87.27649688720703
86.7354965209961
87.28600311279297
88.69200134277344
89.84700012207031
90.92549896240234
90.04000091552734
89.08000183105469
88.49800109863281
88.03450012207031
87.02400207519531
87.58000183105469
87.47550201416016
86.96050262451172
87.43599700927734
88.0165023803711
88.0469970703125
88.46050262451172
89.53299713134766
89.20149993896484
89.61399841308594
89.32499694824219
89.6500015258789
89.46050262451172
93.4384994506836
93.48999786376953
92.34449768066406
92.39199829101562
94.90049743652344
93.74849700927734
95.14399719238281
95.34300231933594
94.59850311279297
95.05249786376953
94.15799713134766
94.56500244140625
93.47200012207031
93.10099792480469
93.89700317382812
93.23600006103516
94.5999984741211
94.37300109863281
94.22899627685547
93.08200073242188
91.41699981689453
92.6624984741211
92.9000015258789
93.53399658203125
100.43599700927734
100.20999908447266
102.4834976196289
101.99349975585938
102.5114974975586
103.96399688720703
106.69550323486328
107.54000091552734
108.0
107.49349975585938
106.74349975585938
107.78350067138672
108.51100158691406
107.65499877929688
104.79850006103516
100.4645004272461
98.63700103759766
98.97949981689453
94.21499633789062
94.1875
97.69750213623047
95.44950103759766
98.79149627685547
96.20149993896484
95.05449676513672
90.03050231933594
94.59100341796875
91.04299926757812
83.83049774169922
89.25
84.4574966430664
90.39199829101562
91.5
94.04650115966797
92.30449676513672
95.1415023803711
97.00499725341797
94.29199981689453
97.77449798583984
95.00499725341797
98.19750213623047
97.48600006103516
95.38500213623047
95.94149780273438
95.32949829101562
99.87950134277344
100.58000183105469
102.1500015258789
102.13800048828125
108.44349670410156
114.16600036621094
115.38400268554688
120.40950012207031
118.75
119.68049621582031
116.40599822998047
118.17449951171875
119.97250366210938
120.51100158691406
118.80000305175781
115.7040023803711
118.635498046875
123.69999694824219
114.302001953125
115.79949951171875
115.88999938964844
117.56300354003906
118.38050079345703
118.98049926757812
120.44999694824219
117.84750366210938
118.39600372314453
119.44249725341797
120.48899841308594
121.31300354003906
122.46649932861328
124.89700317382812
122.33699798583984
121.84400177001953
121.09300231933594
120.51950073242188
120.05500030517578
122.11849975585938
123.552001953125
123.62049865722656
123.91999816894531
123.02999877929688
124.1500015258789
126.2030029296875
130.04299926757812
132.37249755859375
127.89800262451172
127.2509994506836
128.63400268554688
130.7635040283203
132.0489959716797
132.69900512695312
133.75050354003906
135.6909942626953
138.2205047607422
136.72000122070312
137.72900390625
134.64349365234375
134.0189971923828
137.9409942626953
143.93499755859375
144.51499938964844
152.8520050048828
150.00599670410156
154.0554962158203
159.13150024414062
160.0
155.1999969482422
154.1999969482422
150.44349670410156
149.9949951171875
148.09849548339844
159.8419952392578
156.9145050048828
154.99549865722656
149.32749938964844
150.44549560546875
152.760498046875
150.01649475097656
151.67649841308594
152.593994140625
158.23399353027344
155.59449768066406
156.94149780273438
160.25149536132812
161.25
158.3730010986328
157.4080047607422
154.0334930419922
158.11199951171875
158.05099487304688
157.4010009765625
159.12049865722656
165.62449645996094
163.0240020751953
164.86849975585938
164.23599243164062
165.3730010986328
167.32449340820312
172.09249877929688
170.0
170.08999633789062
172.54800415039062
174.95599365234375
176.57249450683594
168.39999389648438
164.7310028076172
157.49200439453125
163.4304962158203
158.7554931640625
155.81100463867188
155.14849853515625
157.80650329589844
153.90499877929688
150.43649291992188
147.74549865722656
148.02349853515625
156.44949340820312
149.9929962158203
150.989501953125
154.75650024414062
158.70249938964844
157.24400329589844
157.43649291992188
161.06300354003906
156.25
159.9600067138672
154.9980010986328
159.7845001220703
159.52749633789062
164.33250427246094
172.14649963378906
172.18150329589844
168.1855010986328
166.9324951171875
163.635498046875
160.36050415039062
160.85049438476562
159.2469940185547
158.82000732421875
160.22000122070312
160.3520050048828
164.31649780273438
158.13900756835938
160.55050659179688
151.8074951171875
150.2239990234375
152.42050170898438
162.05799865722656
166.10000610351562
165.56849670410156
157.18699645996094
151.75100708007812
156.8695068359375
155.51400756835938
156.4405059814453
156.55299377441406
156.7830047607422
155.2729949951172
155.8509979248047
154.97000122070312
154.91949462890625
155.9029998779297
159.2534942626953
159.76699829101562
158.40199279785156
161.00399780273438
160.17649841308594
159.3365020751953
158.12899780273438
157.89999389648438
158.864501953125
155.2100067138672
155.07449340820312
155.8209991455078
157.84849548339844
158.25599670410156
162.04800415039062
161.8040008544922
160.08250427246094
160.3090057373047
160.3260040283203
159.2635040283203
158.63450622558594
164.197998046875
166.10000610351562
164.29249572753906
162.84649658203125
159.3314971923828
160.92550659179688
156.91900634765625
158.10800170898438
159.13499450683594
155.7104949951172
156.04150390625
158.29449462890625
156.37350463867188
155.21249389648438
156.03799438476562
163.16900634765625
165.34950256347656
164.6114959716797
164.6999969482422
166.30650329589844
161.62899780273438
161.88099670410156
160.30999755859375
167.1439971923828
169.0
165.62649536132812
166.5500030517578
167.6074981689453
166.14700317382812
165.25
164.32899475097656
163.10650634765625
163.885498046875
163.44749450683594
165.4320068359375
166.4114990234375
162.4949951171875
159.03700256347656
159.72500610351562
157.97650146484375
152.85800170898438
154.64649963378906
157.3070068359375
154.72650146484375
150.25
148.8784942626953
150.0229949951172
147.59750366210938
153.1425018310547
152.8820037841797
155.67950439453125
154.47450256347656
154.08399963378906
154.59300231933594
156.7864990234375
151.39950561523438
153.7480010986328
155.5435028076172
156.875
154.35350036621094
152.31300354003906
152.60150146484375
153.7864990234375
152.76449584960938
154.70399475097656
158.0500030517578
161.3365020751953
161.1909942626953
163.96949768066406
164.96499633789062
168.61000061035156
168.96949768066406
170.0
166.64999389648438
168.95449829101562
169.9720001220703
168.60049438476562
166.7344970703125
168.1009979248047
165.45199584960938
167.04400634765625
170.4499969482422
170.8715057373047
172.9250030517578
173.5655059814453
173.37100219726562
169.32449340820312
165.593505859375
163.52699279785156
165.31849670410156
164.58050537109375
159.52450561523438
161.19549560546875
157.5970001220703
158.07350158691406
161.14500427246094
163.51950073242188
161.61399841308594
161.58999633789062
162.38400268554688
160.1540069580078
162.24949645996094
162.95249938964844
163.25799560546875
161.5054931640625
161.15350341796875
160.9324951171875
161.69949340820312
159.35049438476562
160.31100463867188
159.90049743652344
163.20550537109375
164.0574951171875
167.4824981689453
167.3415069580078
169.19349670410156
169.156494140625
170.7624969482422
174.46200561523438
174.34500122070312
172.697998046875
175.27200317382812
175.1909942626953
172.45399475097656
170.072998046875
172.1945037841797
172.40699768066406
172.00799560546875
171.64849853515625
175.5489959716797
183.78700256347656
184.82899475097656
186.57049560546875
185.9669952392578
185.92750549316406
183.8679962158203
184.08399963378906
181.55999755859375
178.68150329589844
177.47950744628906
178.6595001220703
179.25999450683594
181.90150451660156
182.83200073242188
184.99099731445312
181.3195037841797
181.51600646972656
179.99600219726562
166.37950134277344
166.57400512695312
168.31199645996094
167.73599243164062
168.79949951171875
167.2469940185547
167.093505859375
166.03399658203125
164.60549926757812
165.1750030517578
164.69850158691406
164.94949340820312
162.09800720214844
160.06100463867188
159.3874969482422
159.99749755859375
163.2935028076172
165.28900146484375
164.95899963378906
165.8000030517578
167.48150634765625
171.07850646972656
173.5395050048828
173.9499969482422
173.156005859375
173.90249633789062
175.46449279785156
176.27499389648438
174.20799255371094
173.45750427246094
172.85850524902344
172.5
173.7895050048828
174.41200256347656
173.12600708007812
167.7864990234375
167.18150329589844
169.00250244140625
170.8000030517578
171.2760009765625
170.2899932861328
165.79800415039062
165.05599975585938
164.2519989013672
164.16299438476562
159.48899841308594
161.0500030517578
163.10049438476562
165.1215057373047
164.43099975585938
162.31500244140625
162.3665008544922
164.21400451660156
164.9929962158203
170.4510040283203
172.33700561523438
172.20750427246094
170.7530059814453
171.75050354003906
166.77749633789062
166.01849365234375
168.80349731445312
169.62449645996094
172.32850646972656
168.6215057373047
165.90550231933594
165.6374969482422
169.1999969482422
173.85000610351562
175.94949340820312
174.44900512695312
178.81149291992188
174.1024932861328
173.625
176.25750732421875
177.28399658203125
177.03500366210938
177.4499969482422
184.80299377441406
183.82850646972656
178.6284942626953
179.0019989013672
179.02049255371094
175.22799682617188
178.07850646972656
175.35350036621094
172.18600463867188
171.8679962158203
169.489501953125
171.36849975585938
176.1645050048828
176.1580047607422
174.17100524902344
172.21200561523438
169.5675048828125
169.0915069580078
173.31500244140625
168.87100219726562
170.0175018310547
167.07899475097656
170.41700744628906
171.03700256347656
171.06849670410156
169.66949462890625
170.66099548339844
169.2010040283203
168.64450073242188
166.7169952392578
170.4044952392578
167.52200317382812
164.35699462890625
163.25399780273438
162.5540008544922
161.48599243164062
165.36199951171875
165.20700073242188
161.21400451660156
162.13800048828125
158.91749572753906
156.2989959716797
151.66749572753906
142.64300537109375
144.54400634765625
139.98599243164062
138.87249755859375
139.6374969482422
143.97799682617188
149.57350158691406
151.19349670410156
150.6125030517578
138.8455047607422
157.63949584960938
157.9355010986328
161.4134979248047
161.1894989013672
159.0034942626953
153.2935028076172
155.16700744628906
156.510498046875
158.10049438476562
154.65249633789062
152.60150146484375
150.19749450683594
144.82699584960938
151.35800170898438
153.7884979248047
153.56300354003906
151.14199829101562
152.05250549316406
147.89849853515625
145.64100646972656
137.4530029296875
136.01449584960938
139.2790069580078
146.8175048828125
145.52450561523438
141.85299682617188
147.3665008544922
153.10400390625
157.23899841308594
161.25050354003906
161.4915008544922
164.88900756835938
163.4080047607422
163.64950561523438
164.77349853515625
168.99049377441406
169.31500244140625
166.30099487304688
162.99749755859375
163.55999755859375
168.34649658203125
164.05499267578125
158.75599670410156
157.7845001220703
154.4604949951172
151.1219940185547
150.78750610351562
155.54100036621094
151.7064971923828
152.78500366210938
158.11549377441406
153.9980010986328
148.29600524902344
144.35000610351562
146.07400512695312
139.39100646972656
138.16700744628906
144.59649658203125
124.28150177001953
124.5
124.25350189208984
125.92849731445312
116.40699768066406
114.77249908447266
108.78900146484375
108.85900115966797
105.37200164794922
106.93049621582031
113.05500030517578
110.81050109863281
115.36849975585938
107.11250305175781
107.31900024414062
107.59100341796875
107.55699920654297
104.0999984741211
106.7750015258789
111.07749938964844
115.14649963378906
120.20950317382812
121.68399810791016
125.51100158691406
122.3499984741211
124.79000091552734
123.0
121.18000030517578
116.1500015258789
109.6500015258789
103.66999816894531
102.30999755859375
107.66999816894531
103.66000366210938
106.22000122070312
108.68000030517578
108.94999694824219
112.44000244140625
116.45999908447266
113.22000122070312
107.4000015258789
108.91999816894531
106.20999908447266
109.55999755859375
113.5
114.33000183105469
116.33000183105469
115.54000091552734
111.75
109.22000122070312
110.4000015258789
110.62999725341797
113.55000305175781
113.76000213623047
118.20999908447266
122.7699966430664
124.62999725341797
122.41999816894531
121.13999938964844
114.80999755859375
120.97000122070312
122.27999877929688
134.9499969482422
135.38999938964844
134.16000366210938
139.52000427246094
142.57000732421875
140.8000030517578
139.41000366210938
137.8300018310547
142.69000244140625
140.63999938964844
143.5500030517578
143.17999267578125
144.77999877929688
142.10000610351562
142.3000030517578
138.22999572753906
133.22000122070312
133.6199951171875
133.8000030517578
137.27999877929688
130.75
129.7899932861328
128.72999572753906
126.7699966430664
127.81999969482422
127.51000213623047
126.11000061035156
129.47999572753906
129.82000732421875
133.27000427246094
136.4499969482422
126.81999969482422
128.5500030517578
126.27999877929688
123.52999877929688
124.66000366210938
122.19000244140625
118.54000091552734
117.30999755859375
113.77999877929688
115.1500015258789
114.41000366210938
118.01000213623047
114.80000305175781
113.0
115.87999725341797
121.08999633789062
120.94999694824219
120.30000305175781
114.55999755859375
113.66999816894531
112.20999908447266
112.9000015258789
112.52999877929688
106.9000015258789
113.79000091552734
116.36000061035156
115.06999969482422
115.25
119.31999969482422
119.81999969482422
120.5999984741211
115.66000366210938
110.95999908447266
103.41000366210938
102.44000244140625
96.79000091552734
92.12000274658203
89.30000305175781
90.9800033569336
90.52999877929688
89.9800033569336
86.13999938964844
96.62999725341797
100.79000091552734
98.48999786376953
98.94000244140625
97.12000274658203
94.8499984741211
94.13999938964844
92.45999908447266
93.19999694824219
94.12999725341797
93.41000366210938
93.94999694824219
92.41999816894531
96.54000091552734
95.5
94.12999725341797
91.01000213623047
88.25
88.45999908447266
90.3499984741211
89.08999633789062
90.55000305175781
92.48999786376953
91.58000183105469
88.44999694824219
87.86000061035156
84.91999816894531
85.19000244140625
86.7699966430664
83.79000091552734
85.25
83.04000091552734
81.81999969482422
84.18000030517578
84.0
85.81999969482422
85.13999938964844
83.12000274658203
86.08000183105469
87.36000061035156
89.87000274658203
95.08999633789062
95.2699966430664
98.12000274658203
96.05000305175781
95.45999908447266
93.68000030517578
97.25
97.5199966430664
96.31999969482422
97.18000030517578
99.22000122070312
102.23999786376953
100.55000305175781
103.12999725341797
105.1500015258789
112.91000366210938
103.38999938964844
102.18000030517578
102.11000061035156
100.05000305175781
98.23999786376953
97.61000061035156
99.54000091552734
99.69999694824219
101.16000366210938
98.1500015258789
97.19999694824219
94.58000183105469
95.79000091552734
95.81999969482422
93.5
93.76000213623047
94.2300033569336
92.16999816894531
92.12999725341797
94.9000015258789
93.75
93.55000305175781
93.91999816894531
92.25
90.7300033569336
92.43000030517578
94.87999725341797
96.19999694824219
100.04000091552734
98.94999694824219
97.70999908447266
100.61000061035156
98.69999694824219
98.70999908447266
98.12999725341797
98.04000091552734
97.23999786376953
100.25
102.0
103.29000091552734
102.41000366210938
103.94999694824219
101.0999984741211
102.05999755859375
102.16999816894531
99.91999816894531
97.83000183105469
102.4000015258789
102.51000213623047
102.73999786376953
102.30000305175781
104.30000305175781
103.80999755859375
106.95999908447266
106.20999908447266
102.56999969482422
104.9800033569336
109.81999969482422
105.44999694824219
102.05000305175781
103.62999725341797
103.6500015258789
104.0
105.66000366210938
105.83000183105469
106.62000274658203
110.19000244140625
112.18000030517578
110.26000213623047
111.19999694824219
113.4000015258789
115.5
118.1500015258789
116.25
115.01000213623047
114.98999786376953
116.75
115.0
120.11000061035156
121.66000366210938
120.58000183105469
122.7699966430664
124.25
125.30000305175781
126.61000061035156
121.2300033569336
124.25
123.43000030517578
126.56999969482422
126.66000366210938
126.41999816894531
127.11000061035156
125.48999786376953
125.77999877929688
124.83000183105469
130.14999389648438
129.3300018310547
127.33000183105469
129.17999267578125
129.0399932861328
127.9000015258789
130.36000061035156
130.22000122070312
130.3800048828125
128.36000061035156
129.77999877929688
127.12999725341797
128.77999877929688
130.8000030517578
134.3000030517578
134.67999267578125
133.55999755859375
132.8300018310547
135.36000061035156
129.9600067138672
130.0
128.8000030517578
129.1300048828125
128.14999389648438
128.25
132.2100067138672
133.67999267578125
131.69000244140625
128.2100067138672
128.91000366210938
139.57000732421875
142.22000122070312
139.94000244140625
137.85000610351562
138.55999755859375
138.41000366210938
140.57000732421875
137.6699981689453
135.07000732421875
133.97999572753906
133.22000122070312
134.67999267578125
134.25
135.52000427246094
131.83999633789062
133.25999450683594
133.13999938964844
134.91000366210938
135.07000732421875
138.00999450683594
138.1199951171875
137.27000427246094
135.36000061035156
137.85000610351562
138.22999572753906
143.10000610351562
141.22999572753906
144.85000610351562
144.72000122070312
140.38999938964844
139.97999572753906
137.6300048828125
135.2899932861328
129.3300018310547
129.1199951171875
131.27000427246094
125.9800033569336
125.9800033569336
125.9800033569336
127.12000274658203
129.4600067138672
124.72000122070312
127.0
125.95999908447266
127.95999908447266
128.25999450683594
129.47999572753906
131.8300018310547
132.3300018310547
129.7899932861328
132.5500030517578
131.47000122070312
128.1300048828125
128.39999389648438
125.16999816894531
126.55999755859375
128.55999755859375
121.38999938964844
119.56999969482422
127.73999786376953
132.7100067138672
133.08999633789062
137.0
138.07000732421875
138.60000610351562
139.74000549316406
142.7100067138672
142.0800018310547
140.60000610351562
143.55999755859375
142.58999633789062
145.8000030517578
143.1999969482422
142.8300018310547
145.17999267578125
146.1300048828125
143.89999389648438
146.7100067138672
146.74000549316406
147.72999572753906
147.02999877929688
146.32000732421875
146.08999633789062
147.02999877929688
144.83999633789062
146.8800048828125
144.52000427246094
146.8800048828125
147.4199981689453
145.88999938964844
147.47999572753906
148.83999633789062
147.4199981689453
149.97000122070312
154.07000732421875
153.7899932861328
152.1199951171875
153.83999633789062
153.4199981689453
153.41000366210938
153.33999633789062
153.3800048828125
151.94000244140625
149.92999267578125
148.47000122070312
144.57000732421875
145.24000549316406
149.10000610351562
151.3699951171875
153.72999572753906
155.17999267578125
154.6199951171875
153.16000366210938
151.7100067138672
153.5
155.33999633789062
154.77999877929688
156.02000427246094
156.8699951171875
157.75
159.1199951171875
161.25999450683594
159.0
155.1999969482422
159.27999877929688
171.80999755859375
170.30999755859375
169.14999389648438
170.52999877929688
169.83999633789062
174.4499969482422
172.33999633789062
168.63999938964844
170.97999572753906
169.8000030517578
169.50999450683594
167.0800018310547
168.58999633789062
174.5800018310547
174.99000549316406
174.72999572753906
173.5399932861328
173.16000366210938
176.75999450683594
178.22000122070312
177.5800018310547
174.1199951171875
173.50999450683594
176.82000732421875
175.35000610351562
171.9600067138672
175.38999938964844
176.55999755859375
178.75
174.4199981689453
174.47999572753906
175.89999389648438
178.14999389648438
178.14999389648438
178.8699951171875
179.7100067138672
178.3000030517578
179.8300018310547
180.3800048828125
180.97000122070312
180.69000244140625
182.41000366210938
180.0
185.07000732421875
185.19000244140625
185.6699981689453
185.9499969482422
189.0500030517578
186.1300048828125
183.6199951171875
183.32000732421875
181.27999877929688
179.22000122070312
174.6300048828125
177.22999572753906
179.5399932861328
176.58999633789062
173.6699981689453
179.6199951171875
180.9600067138672
175.0
179.0
184.72000122070312
186.2100067138672
188.6999969482422
188.75999450683594
188.0
189.5
187.47999572753906
186.57000732421875
187.07000732421875
185.99000549316406
183.6300048828125
184.6999969482422
183.5399932861328
183.14999389648438
183.1300048828125
181.0500030517578
180.75
182.14999389648438
182.02000427246094
179.32000732421875
176.44000244140625
178.33999633789062
179.33999633789062
181.27999877929688
185.0
184.3000030517578
187.05999755859375
187.22999572753906
186.88999938964844
183.8300018310547
183.66000366210938
184.05999755859375
182.80999755859375
186.10000610351562
189.0800018310547
185.57000732421875
186.33999633789062
193.61000061035156
197.85000610351562
193.25
197.1999969482422
200.0
197.58999633789062
200.0
199.2899932861328
199.33999633789062
199.7899932861328
195.0500030517578
194.49000549316406
192.72000122070312
193.02000427246094
187.92999267578125
183.75
183.1300048828125
182.5500030517578
186.41000366210938
180.8300018310547
179.85000610351562
182.5
183.1999969482422
181.7100067138672
186.97999572753906
184.07000732421875
167.89999389648438
161.02000427246094
161.92999267578125
162.77000427246094
165.8000030517578
166.94000244140625
166.8000030517578
170.22999572753906
170.10000610351562
177.58999633789062
177.05999755859375
178.22000122070312
178.8800048828125
180.11000061035156
176.1300048828125
177.0399932861328
175.5
173.1199951171875
170.8000030517578
172.1199951171875
178.5
176.25
173.3300018310547
177.88999938964844
171.38999938964844
175.39999389648438
179.5500030517578
184.52000427246094
187.0
186.49000549316406
184.88999938964844
186.8800048828125
186.42999267578125
189.8699951171875
191.60000610351562
193.8800048828125
193.9600067138672
192.52999877929688
191.16000366210938
187.97000122070312
186.3300018310547
185.1300048828125
184.75999450683594
181.9600067138672
186.50999450683594
180.8000030517578
182.72000122070312
185.1699981689453
186.64999389648438
188.82000732421875
187.5399932861328
187.69000244140625
186.88999938964844
187.52999877929688
188.99000549316406
189.07000732421875
189.6999969482422
184.7100067138672
186.3800048828125
187.8300018310547
188.38999938964844
190.8300018310547
192.72999572753906
186.39999389648438
197.92999267578125
195.77999877929688
199.5
207.08999633789062
210.0500030517578
208.17999267578125
206.83999633789062
208.91000366210938
214.10000610351562
211.47999572753906
202.61000061035156
201.6999969482422
204.61000061035156
202.8800048828125
198.3800048828125
197.1199951171875
201.4499969482422
207.86000061035156
205.74000549316406
207.88999938964844
210.7100067138672
213.44000244140625
218.16000366210938
220.5500030517578
227.02999877929688
226.08999633789062
225.0399932861328
230.25999450683594
228.97000122070312
227.4600067138672
232.92999267578125
231.14999389648438
220.52000427246094
223.2899932861328
224.9199981689453
225.05999755859375
229.0500030517578
227.0500030517578
223.75
221.3000030517578
219.38999938964844
220.22000122070312
224.19000244140625
227.61000061035156
222.11000061035156
222.1300048828125
218.94000244140625
218.4600067138672
217.75999450683594
223.35000610351562
220.66000366210938
225.94000244140625
230.7100067138672
235.00999450683594
235.4199981689453
234.85000610351562
235.4199981689453
238.14999389648438
237.07000732421875
