10.83039665222168
10.678531646728516
10.470563888549805
10.558552742004395
10.702529907226562
10.638540267944336
10.494560241699219
10.446563720703125
10.566548347473145
10.45456600189209
10.566548347473145
10.614544868469238
10.55054759979248
10.310585021972656
10.150609016418457
9.838648796081543
10.13460922241211
10.206600189208984
10.406570434570312
10.286588668823242
10.342581748962402
10.318581581115723
10.262590408325195
10.446563720703125
10.622539520263672
10.822514533996582
10.694530487060547
10.806519508361816
11.022486686706543
11.102477073669434
11.134469032287598
11.446427345275879
11.806378364562988
11.79837703704834
11.934359550476074
11.950362205505371
11.766387939453125
11.8623685836792
11.782382011413574
11.614405632019043
11.614405632019043
11.678398132324219
11.958357810974121
11.870369911193848
11.838372230529785
11.710390090942383
11.622405052185059
11.686396598815918
11.558415412902832
11.526416778564453
11.606405258178711
11.678398132324219
11.454428672790527
11.534416198730469
11.318445205688477
11.430434226989746
11.47042465209961
11.654400825500488
11.654400825500488
11.590409278869629
11.286455154418945
11.294448852539062
11.334444046020508
11.294448852539062
11.398436546325684
11.462471008300781
11.502493858337402
11.494488716125488
11.590544700622559
11.694602012634277
11.726621627807617
11.590544700622559
11.598550796508789
11.63056468963623
11.646577835083008
11.774648666381836
11.694602012634277
11.558525085449219
11.318390846252441
11.278369903564453
11.318390846252441
11.270365715026855
11.1262788772583
11.046235084533691
11.1262788772583
11.254356384277344
11.206323623657227
11.24635124206543
11.054242134094238
10.958187103271484
11.078251838684082
11.39043140411377
11.358412742614746
11.486483573913574
11.398431777954102
11.654582023620605
11.734622955322266
11.710611343383789
11.622562408447266
11.622562408447266
11.374423027038574
11.34240436553955
11.414443969726562
11.39043140411377
11.326394081115723
11.34240436553955
11.182313919067383
11.222333908081055
11.238344192504883
11.150291442871094
11.174314498901367
11.046235084533691
11.462471008300781
11.526506423950195
11.462471008300781
11.71861743927002
11.846687316894531
11.942740440368652
11.942740440368652
12.166868209838867
12.118843078613281
12.479045867919922
12.519068717956543
12.655141830444336
12.711177825927734
12.671152114868164
12.66314697265625
12.591108322143555
12.439023971557617
12.519118309020996
12.358924865722656
12.463052749633789
12.479071617126465
12.463052749633789
12.214754104614258
12.214754104614258
12.158681869506836
12.206743240356445
12.158681869506836
12.567177772521973
12.615236282348633
12.495088577270508
12.567177772521973
12.575189590454102
12.535143852233887
12.551158905029297
12.447032928466797
12.471059799194336
12.895574569702148
13.143876075744629
13.344114303588867
13.215961456298828
13.280037879943848
13.480281829833984
13.432225227355957
13.159895896911621
13.432225227355957
13.736594200134277
13.680519104003906
13.6244535446167
13.6244535446167
13.736594200134277
13.504307746887207
13.175912857055664
13.063776969909668
13.400182723999023
13.360135078430176
13.560375213623047
13.416203498840332
13.095815658569336
13.095815658569336
13.135863304138184
13.368147850036621
13.472270965576172
13.392173767089844
13.520325660705566
13.416203498840332
13.416203498840332
13.376154899597168
13.191930770874023
12.975671768188477
13.055767059326172
13.047760963439941
13.23999309539795
13.087806701660156
13.079800605773926
13.207951545715332
13.23999309539795
13.055767059326172
13.400182723999023
13.824949264526367
13.905094146728516
13.889068603515625
14.001265525817871
13.840980529785156
13.848992347717285
13.752817153930664
13.464300155639648
13.712749481201172
13.77686595916748
13.977225303649902
14.36192512512207
14.073396682739258
13.921123504638672
13.79289436340332
13.768851280212402
13.63260269165039
13.60855484008789
13.784880638122559
13.897077560424805
13.808920860290527
13.744810104370117
13.400182723999023
13.127691268920898
13.17577838897705
13.32004165649414
12.919316291809082
12.638808250427246
12.823141098022461
13.13570499420166
12.927329063415527
12.943361282348633
12.895272254943848
13.055563926696777
13.119677543640137
13.095634460449219
12.78306770324707
11.981620788574219
12.214043617248535
12.13390064239502
12.093823432922363
12.22205924987793
12.085808753967285
11.805305480957031
11.861405372619629
11.965595245361328
11.813323020935059
12.077797889709473
12.04573917388916
11.893465042114258
11.66104507446289
11.628986358642578
11.757220268249512
11.645013809204102
11.70913028717041
11.789275169372559
11.797290802001953
12.198014259338379
12.13390064239502
12.141910552978516
12.13390064239502
12.230073928833008
12.189998626708984
12.189998626708984
12.366315841674805
12.494548797607422
12.694910049438477
12.759026527404785
12.494548797607422
12.35830307006836
12.374330520629883
12.246100425720215
12.494548797607422
12.542640686035156
12.46249008178711
12.3903169631958
12.542684555053711
12.42238998413086
12.406354904174805
12.358236312866211
12.294078826904297
12.326156616210938
12.510608673095703
12.711100578308105
12.855451583862305
12.783275604248047
12.494568824768066
12.510608673095703
12.382293701171875
12.334176063537598
12.486550331115723
12.679019927978516
12.438431739807129
12.189824104309082
12.42238998413086
12.446452140808105
12.446452140808105
12.446452140808105
12.526646614074707
12.50259017944336
12.430412292480469
12.302098274230957
12.494568824768066
12.229920387268066
12.013389587402344
12.06953239440918
12.029430389404297
12.189824104309082
12.1256685256958
12.189824104309082
12.205862998962402
12.197843551635742
12.229920387268066
12.286057472229004
12.205862998962402
12.3903169631958
12.3903169631958
12.446452140808105
12.959705352783203
12.935647964477539
13.063962936401367
13.096043586730957
12.99178695678711
12.839410781860352
12.90356731414795
13.04792594909668
12.951390266418457
12.959436416625977
12.887036323547363
13.152497291564941
12.983567237854004
13.160544395446777
13.329476356506348
13.506450653076172
13.466226577758789
13.442093849182129
13.490365028381348
13.707562446594238
13.635161399841309
13.699515342712402
13.715605735778809
13.820181846618652
13.554718971252441
13.699515342712402
13.68342399597168
13.715605735778809
13.530585289001465
13.578845977783203
13.90866470336914
13.90866470336914
13.578845977783203
13.7719144821167
13.34556770324707
13.257080078125
13.192720413208008
13.289254188537598
12.67788314819336
12.935302734375
13.039878845214844
13.080098152160645
13.353606224060059
13.192720413208008
13.353606224060059
13.450142860412598
13.34556770324707
13.514493942260742
13.667340278625488
13.699515342712402
13.804093360900879
13.892582893371582
13.844311714172363
13.948887825012207
13.96497631072998
13.96497631072998
13.973023414611816
13.93280029296875
13.90866470336914
13.852356910705566
13.788002014160156
13.747781753540039
13.788002014160156
13.723647117614746
13.675384521484375
13.7719144821167
13.820181846618652
13.755824089050293
13.763870239257812
13.707562446594238
13.506450653076172
13.796052932739258
13.949334144592285
13.884794235229492
14.263982772827148
14.247846603393555
14.167166709899902
14.021949768066406
14.094554901123047
13.82025146484375
13.594352722167969
13.489470481872559
13.925134658813477
14.142964363098145
14.215582847595215
14.288188934326172
14.465675354003906
14.506019592285156
14.506019592285156
14.610902786254883
14.627037048339844
14.433405876159668
14.441475868225098
14.021949768066406
13.60241985321045
13.666962623596191
13.949334144592285
13.699231147766113
13.457197189331055
13.271636962890625
12.940855979919434
12.263152122497559
12.408374786376953
12.31155776977539
12.432579040527344
12.981193542480469
12.690752029418945
12.787564277648926
12.610071182250977
12.263152122497559
12.448713302612305
12.222811698913574
12.472916603088379
12.819833755493164
12.739154815673828
12.884378433227539
13.303909301757812
13.19095516204834
13.247428894042969
13.19902515411377
13.449130058288574
13.400724411010742
13.41685676574707
13.150615692138672
13.078007698059082
13.215163230895996
13.069937705993652
13.215163230895996
13.303909301757812
12.940855979919434
12.755290985107422
12.916651725769043
12.940855979919434
12.8194580078125
12.948946952819824
13.126993179321289
13.086530685424805
12.77899169921875
13.037973403930664
13.021783828735352
13.021783828735352
13.054156303405762
13.021783828735352
12.932762145996094
12.633316040039062
12.8194580078125
12.722339630126953
12.633316040039062
12.471455574035645
12.479547500610352
12.390519142150879
12.560480117797852
12.455267906188965
12.471455574035645
12.576664924621582
12.552385330200195
12.511919975280762
12.633316040039062
12.71424674987793
12.722339630126953
12.787081718444824
12.803269386291504
12.657596588134766
12.77899169921875
12.592850685119629
12.600943565368652
12.544289588928223
12.738526344299316
12.698060989379883
12.657596588134766
12.592850685119629
12.665688514709473
12.932762145996094
12.89229679107666
13.037973403930664
13.305042266845703
13.232206344604492
13.183646202087402
13.143181800842285
13.313138008117676
13.34550952911377
13.296952247619629
13.329320907592773
13.369789123535156
13.232206344604492
13.361695289611816
13.572117805480957
13.547834396362305
13.539743423461914
13.555926322937012
13.35360050201416
13.547834396362305
13.491185188293457
13.35360050201416
13.394062995910645
13.531649589538574
13.742701530456543
13.620940208435059
13.953754425048828
13.864461898803711
14.051164627075195
14.278447151184082
14.197275161743164
14.197275161743164
14.181041717529297
14.245978355407715
14.09986400604248
14.107986450195312
13.937516212463379
14.181041717529297
14.343384742736816
14.197275161743164
14.09986400604248
14.132338523864746
13.71023178100586
13.81575870513916
13.978106498718262
13.82387638092041
13.750814437866211
13.54788875579834
13.190719604492188
13.377420425415039
13.556005477905273
13.81575870513916
13.905048370361328
14.351502418518066
14.570672035217285
14.692435264587402
14.70866870880127
14.676194190979004
14.976540565490723
14.757375717163086
14.530084609985352
14.343384742736816
14.513849258422852
14.74113655090332
14.71678638458252
14.513849258422852
14.424555778503418
14.448908805847168
14.505733489990234
14.457025527954102
14.408327102661133
14.643728256225586
14.440794944763184
14.221623420715332
14.302802085876465
14.3677396774292
14.424555778503418
14.359625816345215
14.17292308807373
13.572239875793457
13.068961143493652
12.411453247070312
12.387101173400879
13.036489486694336
13.344951629638672
13.280009269714355
13.263775825500488
12.646854400634766
12.907449722290039
12.980738639831543
12.74457836151123
13.159893035888672
12.948165893554688
13.062174797058105
13.062174797058105
12.997026443481445
13.282052993774414
13.298338890075684
12.915589332580566
12.671286582946777
12.785297393798828
12.67943000793457
12.801582336425781
12.663143157958984
12.940021514892578
12.597994804382324
12.500273704528809
12.687572479248047
12.663143157958984
12.524702072143555
12.777151107788086
12.777151107788086
12.82601261138916
12.82601261138916
12.687572479248047
12.638715744018555
12.638715744018555
12.736433982849121
13.184327125549316
13.127325057983398
13.143610954284668
13.192468643188477
12.948165893554688
13.159893035888672
13.4530668258667
13.444921493530273
13.355340003967285
14.071969032287598
13.917245864868164
13.66479206085205
13.892809867858887
13.990537643432617
13.852092742919922
14.096402168273926
14.617583274841309
14.397708892822266
14.536149024963379
14.4547119140625
14.14526081085205
14.006821632385254
14.19411849975586
14.185977935791016
14.528008460998535
14.405856132507324
14.373278617858887
14.226696968078613
14.226696968078613
14.202266693115234
14.23483657836914
14.19411849975586
14.503576278686523
14.38924789428711
14.127922058105469
14.536238670349121
14.323914527893066
14.038086891174316
13.964591979980469
14.046256065368652
13.662432670593262
13.719597816467285
14.225915908813477
14.495404243469238
14.127922058105469
13.686929702758789
13.858426094055176
13.948254585266113
14.160587310791016
14.103421211242676
13.989090919494629
14.11158561706543
13.923759460449219
13.744096755981445
13.41744327545166
13.41744327545166
13.131613731384277
12.657963752746582
12.412968635559082
12.502800941467285
12.502800941467285
12.16797924041748
12.241473197937012
11.808652877807617
11.628994941711426
11.179839134216309
10.910346031188965
11.073677062988281
10.583687782287598
10.869516372680664
10.910346031188965
11.049174308776855
11.54732894897461
11.4003324508667
10.804186820983887
10.640853881835938
10.820517539978027
10.57552433013916
10.0202054977417
9.963040351867676
9.783378601074219
9.11373233795166
9.758879661560059
10.003876686096191
10.257033348083496
9.995710372924805
9.905876159667969
10.240697860717773
9.93037223815918
9.905876159667969
10.061038970947266
10.371359825134277
10.224367141723633
10.771514892578125
10.99284839630127
11.066628456115723
11.09941577911377
11.091219902038574
10.705938339233398
10.771515846252441
10.878087043762207
11.30435562133789
11.181392669677734
11.124008178710938
10.910874366760254
10.984650611877441
11.30435562133789
11.345341682434082
11.279763221740723
11.164996147155762
11.21418285369873
11.164996147155762
11.001049041748047
11.050230979919434
11.083023071289062
11.115812301635742
11.074825286865234
10.812505722045898
10.878087043762207
10.53378677368164
10.558380126953125
10.632161140441895
10.878087043762207
11.30435562133789
11.591266632080078
11.476502418518066
11.615859985351562
11.845389366149902
12.238871574401855
12.214278221130371
12.386425018310547
12.263461112976074
12.37002944946289
12.312647819519043
12.124105453491211
11.935559272766113
12.107710838317871
11.771610260009766
11.583069801330566
11.517494201660156
11.566676139831543
11.468301773071289
11.722427368164062
11.640451431274414
11.591266632080078
11.378131866455078
11.419118881225586
11.484700202941895
12.04212760925293
11.910970687866211
11.902770042419434
11.861785888671875
12.033934593200684
12.230669975280762
12.050326347351074
12.197881698608398
12.124105453491211
12.222809791564941
12.288615226745605
11.860895156860352
11.94314956665039
11.803318977355957
11.869118690490723
11.671713829040527
11.375602722167969
11.186418533325195
10.906759262084961
10.972563743591309
10.947883605957031
11.021913528442383
11.137065887451172
11.202868461608887
11.194645881652832
11.548334121704102
10.692903518676758
10.018424987792969
10.446141242980957
10.84918212890625
10.914985656738281
10.775152206420898
10.479040145874023
10.57774543762207
10.701129913330078
10.832731246948242
10.865632057189941
11.137065887451172
11.054813385009766
11.227544784545898
11.235771179199219
11.605911254882812
11.729290008544922
11.844442367553711
11.737515449523926
11.82799243927002
11.819769859313965
11.951374053955078
12.033624649047852
12.074753761291504
11.91847038269043
11.786864280700684
11.622363090515137
11.910246849060059
11.910246849060059
12.379088401794434
12.444891929626465
12.494241714477539
12.181683540344238
12.239258766174316
12.263935089111328
12.354414939880371
12.47779369354248
12.461342811584473
12.46956729888916
12.518921852111816
12.486018180847168
12.625848770141602
12.666974067687988
12.773902893066406
12.987760543823242
13.028886795043945
13.316779136657715
13.337430000305176
13.205216407775879
13.22174072265625
13.039944648742676
12.973833084106445
13.10605239868164
13.006889343261719
13.139106750488281
12.990362167358398
12.915989875793457
12.949042320251465
12.800297737121582
12.882936477661133
12.891199111938477
12.932516098022461
12.891199111938477
12.825094223022461
12.469755172729492
12.635028839111328
12.70939826965332
12.527600288391113
12.932516098022461
12.915989875793457
13.056472778320312
13.312643051147461
13.403541564941406
13.329168319702148
13.46965217590332
13.312643051147461
13.24653434753418
13.08126163482666
13.22174072265625
13.263059616088867
13.43659782409668
13.610132217407227
13.684503555297852
13.775404930114746
13.858041763305664
13.81672191619873
13.940677642822266
13.973729133605957
13.783668518066406
13.634921073913574
13.725822448730469
13.618396759033203
13.618396759033203
13.676241874694824
14.056365013122559
14.048102378845215
14.84967041015625
15.502496719360352
15.717342376708984
16.59328842163086
16.659395217895508
16.320592880249023
16.59328842163086
16.527179718017578
16.799877166748047
16.77508544921875
16.98993492126465
17.23784828186035
16.77508544921875
16.766826629638672
17.517452239990234
17.83262825012207
17.608684539794922
18.11463737487793
18.380050659179688
18.72011947631836
19.035301208496094
19.151416778564453
18.7532958984375
18.7532958984375
18.803062438964844
19.2094783782959
18.794767379760742
18.645469665527344
18.836238861083984
18.769882202148438
18.695236206054688
18.744998931884766
18.7532958984375
18.521059036254883
18.24734115600586
18.33028793334961
18.68694305419922
19.035301208496094
18.811357498168945
18.811357498168945
18.703527450561523
19.027002334594727
19.134824752807617
19.01041603088379
19.08506202697754
18.288814544677734
18.769882202148438
18.68694305419922
18.778173446655273
18.711824417114258
19.035301208496094
19.38365936279297
19.44171714782715
19.375368118286133
19.035301208496094
18.778173446655273
18.985538482666016
18.84453010559082
19.31730842590332
19.176301956176758
18.993825912475586
18.803062438964844
19.176301956176758
19.143125534057617
19.408538818359375
19.955961227416992
20.387258529663086
20.387258529663086
20.337501525878906
20.553146362304688
20.561445236206055
20.387258529663086
20.096961975097656
20.378971099853516
20.470203399658203
21.21480369567871
20.990175247192383
21.164886474609375
21.00681495666504
20.973533630371094
21.015132904052734
21.090009689331055
21.056730270385742
21.04840850830078
21.065048217773438
20.948579788208008
20.981853485107422
20.682353973388672
20.332935333251953
19.15155792236328
19.08500099182129
19.193157196044922
19.23476219177246
19.159879684448242
19.534257888793945
19.426105499267578
19.858722686767578
19.625774383544922
19.625774383544922
19.500980377197266
19.276350021362305
19.351224899291992
19.268028259277344
19.15155792236328
19.0683650970459
18.843734741210938
18.585832595825195
18.976852416992188
18.893653869628906
18.918611526489258
19.193157196044922
18.893653869628906
19.65904998779297
19.95023536682129
19.8753604888916
19.67568588256836
19.417783737182617
19.642412185668945
19.57585906982422
19.77552604675293
19.84207534790039
19.75056266784668
19.933595657348633
19.95023536682129
20.091670989990234
20.02511215209961
19.966869354248047
20.01679039001465
19.95854949951172
18.777179718017578
18.918611526489258
19.176513671875
19.16819953918457
19.459379196166992
19.434419631958008
19.34290885925293
19.3345890045166
19.06004524230957
18.705307006835938
18.888933181762695
18.73868751525879
18.705307006835938
18.5550594329834
18.8638916015625
19.1727294921875
19.757007598876953
19.848827362060547
19.84047508239746
19.832122802734375
19.648496627807617
19.55668067932129
19.957324981689453
19.606765747070312
19.306276321411133
19.13933753967285
19.04751968383789
19.10594940185547
19.423128128051758
19.93229103088379
20.299551010131836
20.24947166442871
20.600038528442383
20.800363540649414
20.625076293945312
20.72524070739746
20.775318145751953
20.533267974853516
20.32459831237793
20.54995346069336
20.20773696899414
20.049144744873047
19.9489803314209
20.082534790039062
19.982370376586914
19.865507125854492
19.957324981689453
20.43309783935547
20.20773696899414
20.124271392822266
20.057498931884766
20.132619857788086
20.408061981201172
20.524919509887695
20.341289520263672
20.842098236083984
20.8337459564209
20.783668518066406
20.650115966796875
20.132619857788086
19.915599822998047
20.383018493652344
20.42475700378418
20.191043853759766
19.73196029663086
19.715269088745117
19.51494598388672
19.89055633544922
19.832122802734375
19.898900985717773
19.84047508239746
19.79874038696289
19.681886672973633
20.02585792541504
20.042631149291992
20.21042823791504
19.5560359954834
19.639938354492188
19.27079963684082
19.203678131103516
19.597984313964844
20.092971801757812
20.411773681640625
20.336265563964844
20.453720092773438
20.72218894958496
20.85641860961914
21.024213790893555
21.108108520507812
20.990652084350586
20.77252769470215
20.81447410583496
21.317848205566406
21.351404190063477
21.259111404418945
21.494028091430664
21.695377349853516
21.569530487060547
21.92188835144043
21.989013671875
21.68699073791504
21.75410270690918
21.670207977294922
21.351404190063477
21.670207977294922
22.014177322387695
21.980623245239258
22.21552085876465
22.299423217773438
22.79440689086914
22.7860164642334
23.222274780273438
23.180328369140625
23.272607803344727
23.322956085205078
23.1551570892334
22.978975296020508
23.096433639526367
23.38167381286621
23.33972930908203
23.28099822998047
22.802793502807617
22.47560691833496
22.223915100097656
22.240692138671875
22.148408889770508
22.014177322387695
22.47560691833496
22.450439453125
22.332979202270508
22.433656692504883
22.42526626586914
22.366539001464844
22.307809829711914
22.307809829711914
23.18871307373047
23.725645065307617
23.734067916870117
23.675098419189453
24.48392105102539
24.3743953704834
24.13006019592285
24.248014450073242
24.475496292114258
24.38282012939453
24.702983856201172
24.298568725585938
24.205888748168945
24.46707534790039
24.837787628173828
24.812511444091797
24.837787628173828
25.12424659729004
25.17479705810547
25.090545654296875
25.04841423034668
25.107397079467773
24.87148094177246
