22.038455963134766
21.94708824157715
21.75929069519043
21.901411056518555
21.79990005493164
21.967391967773438
21.870954513549805
21.708539962768555
21.870954513549805
21.744068145751953
21.957244873046875
21.972469329833984
21.62224769592285
21.155298233032227
21.17559051513672
21.07408332824707
21.155298233032227
21.231433868408203
21.20604705810547
21.18575096130371
21.13498878479004
21.003021240234375
20.901504516601562
20.896438598632812
20.952260971069336
21.140066146850586
21.378623962402344
21.5918025970459
21.414152145385742
21.388774871826172
21.5918025970459
21.596874237060547
21.67808723449707
21.830347061157227
21.926790237426758
22.104440689086914
22.048608779907227
22.17549705505371
22.119667053222656
21.886184692382812
21.18575096130371
21.033472061157227
21.17559051513672
21.282182693481445
21.302488327026367
21.23650360107422
21.200515747070312
21.226211547851562
21.221080780029297
21.12337875366211
21.282777786254883
21.25707244873047
21.221080780029297
21.246789932250977
21.1336612701416
21.030818939208984
20.840572357177734
21.035964965820312
21.344486236572266
21.267353057861328
21.32392120361328
21.658153533935547
21.41132926940918
21.23649787902832
21.25193214416504
21.29306411743164
21.36505126953125
21.503889083862305
21.53987693786621
21.606725692749023
21.745563507080078
21.64786148071289
21.565589904785156
21.658153533935547
21.606725692749023
21.812406539916992
21.766138076782227
21.832979202270508
21.735279083251953
21.74041748046875
21.796987533569336
21.935810089111328
22.007802963256836
21.611865997314453
21.51930809020996
21.653005599975586
21.796987533569336
21.74041748046875
21.653005599975586
21.44732093811035
21.35991668701172
21.54503059387207
21.673568725585938
21.904958724975586
21.853540420532227
21.889535903930664
22.110641479492188
22.280338287353516
22.403736114501953
22.419157028198242
22.311182022094727
22.40888214111328
22.45001792907715
22.480865478515625
23.60181999206543
23.802364349365234
23.910348892211914
23.936058044433594
24.13145637512207
24.162311553955078
24.370512008666992
23.99574089050293
23.990535736083984
23.98533821105957
23.896846771240234
24.177921295166016
24.24559211730957
24.557899475097656
24.422563552856445
24.438182830810547
24.45900535583496
24.64638328552246
25.00033187866211
24.708847045898438
24.537080764770508
24.412158966064453
24.46940803527832
24.282024383544922
24.24559211730957
24.344482421875
24.172719955444336
24.3601016998291
24.422563552856445
24.240385055541992
24.308048248291016
24.032182693481445
23.782329559326172
23.95930290222168
23.6938419342041
24.058204650878906
24.261205673217773
24.391328811645508
24.677616119384766
24.77130889892578
24.969097137451172
25.125263214111328
25.088823318481445
25.3022403717041
24.97430992126465
24.917049407958984
24.98472785949707
25.271005630493164
25.364702224731445
25.427154541015625
25.60933494567871
25.062795639038086
25.16168785095215
25.036771774291992
24.93787956237793
25.088823318481445
25.26058578491211
25.526058197021484
25.312641143798828
24.854598999023438
24.594335556030273
24.714046478271484
24.604747772216797
24.677616119384766
24.406953811645508
24.000946044921875
24.084230422973633
23.964509963989258
24.630773544311523
24.78171730041504
24.724462509155273
25.3022403717041
25.481307983398438
25.518178939819336
25.707792282104492
26.023799896240234
25.981664657592773
26.26081657409668
26.234481811523438
26.47675132751465
26.687427520751953
26.55575180053711
26.550493240356445
26.655824661254883
25.807859420776367
25.986923217773438
25.71305274963379
25.69725227355957
25.50763702392578
25.512908935546875
25.39703941345215
25.391767501831055
25.065223693847656
25.117891311645508
25.102087020874023
25.049421310424805
24.923015594482422
24.50166130065918
24.496389389038086
24.596464157104492
24.759740829467773
24.738672256469727
25.054689407348633
25.476051330566406
25.333839416503906
25.512908935546875
25.512908935546875
25.44971466064453
25.518178939819336
25.339101791381836
25.260095596313477
25.691984176635742
25.428630828857422
24.99148941040039
25.038896560668945
25.160030364990234
25.486581802368164
25.744659423828125
25.823659896850586
25.82892608642578
25.707792282104492
26.01326560974121
26.187070846557617
25.82892608642578
26.487287521362305
26.66109275817871
26.54522132873535
26.792770385742188
26.761173248291016
26.924436569213867
27.182844161987305
27.054969787597656
26.937767028808594
27.012359619140625
26.91111946105957
26.86850929260254
27.118911743164062
27.33202362060547
27.363990783691406
27.12424659729004
27.422605514526367
27.28407859802246
27.22547149658203
27.012359619140625
26.99636459350586
26.985721588134766
26.87915802001953
26.948427200317383
26.91644287109375
26.676694869995117
26.87382698059082
27.070959091186523
27.086938858032227
27.145557403564453
27.097606658935547
27.353336334228516
27.534488677978516
27.566444396972656
27.513168334960938
28.06194305419922
28.06194305419922
28.120555877685547
28.275060653686523
28.152524948120117
28.035310745239258
28.104562759399414
28.024642944335938
28.104562759399414
28.237756729125977
28.440221786499023
28.31768035888672
28.035310745239258
27.907442092895508
27.875471115112305
27.598421096801758
27.497190475463867
27.513168334960938
27.545137405395508
27.854164123535156
27.102930068969727
27.028331756591797
27.023008346557617
27.156208038330078
27.273420333862305
27.379966735839844
27.129560470581055
26.980390548706055
26.095958709716797
26.394319534301758
26.09063148498535
26.106611251831055
26.282432556152344
25.877513885498047
25.80470848083496
25.54045867919922
25.562036514282227
25.583606719970703
25.583606719970703
25.416433334350586
25.567424774169922
25.556644439697266
25.831674575805664
26.047386169433594
25.988067626953125
26.031213760375977
25.955711364746094
26.18221092224121
25.982669830322266
26.079742431640625
25.842451095581055
25.79932403564453
25.454177856445312
25.729215621948242
24.20843505859375
24.769283294677734
24.445716857910156
24.348636627197266
25.08746337890625
24.936466217041016
24.774681091308594
24.747713088989258
24.93107032775879
24.93107032775879
25.033540725708008
25.055103302001953
24.87714385986328
24.656038284301758
24.542789459228516
23.760833740234375
23.922611236572266
24.019678115844727
23.701501846313477
23.55590057373047
23.275470733642578
23.027402877807617
23.216150283813477
22.951904296875
23.270078659057617
22.644508361816406
22.401840209960938
22.22926139831543
21.900297164916992
21.911087036132812
21.959627151489258
22.347902297973633
22.196903228759766
22.790115356445312
22.41261863708496
22.741575241088867
22.741575241088867
22.622940063476562
23.102903366088867
23.135255813598633
23.24850845336914
23.437259674072266
22.897977828979492
22.46115493774414
22.855117797851562
22.909828186035156
23.013792037963867
22.90436363220215
22.84416961669922
22.532285690307617
22.253231048583984
22.400964736938477
22.379077911376953
22.537757873535156
22.72926139831543
22.855117797851562
23.210777282714844
23.00284194946289
22.745677947998047
22.756628036499023
21.51456069946289
21.793611526489258
22.280593872070312
22.603418350219727
22.10002326965332
21.875682830810547
21.268333435058594
21.076833724975586
20.650033950805664
20.425703048706055
19.829288482666016
19.117971420288086
19.566646575927734
20.62267303466797
20.96739387512207
21.558330535888672
21.394174575805664
21.405122756958008
21.312101364135742
21.32852554321289
21.355878829956055
20.989273071289062
20.857961654663086
20.857961654663086
19.752683639526367
19.60494613647461
19.654205322265625
20.097402572631836
20.015321731567383
19.725326538085938
19.676082611083984
19.517404556274414
19.55023193359375
20.715696334838867
20.62267303466797
21.24097442626953
21.32852554321289
21.284744262695312
21.842857360839844
22.001541137695312
21.2738094329834
21.20267677307129
21.24645233154297
21.810028076171875
22.488508224487305
22.132850646972656
22.6417179107666
22.52681541442871
22.767566680908203
22.570589065551758
22.40400505065918
22.953706741333008
23.28129768371582
23.19800567626953
23.18134880065918
22.87042236328125
22.920391082763672
22.88707160949707
23.09251594543457
23.270193099975586
22.96480941772461
23.00922966003418
22.931486129760742
23.17580795288086
23.059206008911133
22.864866256713867
22.40400505065918
22.365150451660156
21.67664909362793
21.226900100708008
21.188032150268555
20.877098083496094
20.849340438842773
20.999252319335938
21.84876823425293
21.63778305053711
22.265201568603516
22.287412643432617
21.937606811523438
22.21523094177246
22.10418128967285
21.99313735961914
22.12084197998047
21.71551513671875
21.932056427001953
22.015348434448242
22.281862258911133
22.34848976135254
22.637218475341797
22.959253311157227
23.06475067138672
22.892635345458984
23.209123611450195
23.55336570739746
23.625545501708984
23.814332962036133
23.775463104248047
23.753250122070312
24.008665084838867
24.208545684814453
24.130817413330078
23.89761734008789
24.14192008972168
24.203001022338867
23.96424674987793
24.003108978271484
24.103055953979492
23.930931091308594
23.93093490600586
23.55367088317871
24.049184799194336
23.975980758666992
24.03792381286621
24.082963943481445
24.189945220947266
24.105487823486328
23.868993759155273
23.55367088317871
23.694442749023438
24.15616226196289
23.93093490600586
23.44105339050293
23.531147003173828
23.3960018157959
23.345327377319336
23.058155059814453
23.367843627929688
23.215824127197266
22.87233543395996
22.838550567626953
22.821664810180664
22.83292579650879
23.243972778320312
23.322799682617188
22.97368812561035
23.041255950927734
23.035634994506836
23.204561233520508
23.232711791992188
23.1707763671875
23.379117965698242
23.39036750793457
23.55367088317871
23.587451934814453
23.283388137817383
22.697778701782227
22.50070571899414
22.112178802490234
23.249603271484375
22.472549438476562
22.359939575195312
22.04461669921875
22.033355712890625
22.4669246673584
22.50070571899414
22.709047317504883
22.54575538635254
22.264211654663086
22.02771759033203
21.81938362121582
21.80811882019043
21.346389770507812
21.002914428710938
20.59186363220215
20.299062728881836
20.997283935546875
21.0535888671875
21.216882705688477
20.817092895507812
20.541183471679688
20.574974060058594
20.534896850585938
20.54062271118164
20.426124572753906
20.769617080688477
20.6379451751709
20.861207962036133
20.563522338867188
20.47764778137207
20.340248107910156
20.179962158203125
19.84218978881836
19.681900024414062
18.989200592041016
17.855688095092773
17.580896377563477
17.804161071777344
18.909048080444336
19.040719985961914
19.201011657714844
18.3995418548584
18.43389129638672
18.554115295410156
17.575172424316406
17.981630325317383
17.68967056274414
17.86713981628418
17.752635955810547
17.563722610473633
17.80988883972168
18.393821716308594
18.382366180419922
17.79843521118164
17.78126335144043
17.3976993560791
17.128637313842773
17.26603126525879
17.42060089111328
16.819496154785156
16.962615966796875
17.49502182006836
17.724016189575195
18.617080688476562
19.172391891479492
19.64182472229004
20.443294525146484
20.58641815185547
20.58641815185547
20.2486515045166
19.88226890563965
20.220033645629883
20.426124572753906
20.529170989990234
20.002487182617188
20.01966667175293
20.116989135742188
20.563522338867188
20.449024200439453
20.065458297729492
19.933788299560547
20.460474014282227
20.443294525146484
20.437572479248047
20.769617080688477
21.313465118408203
21.1563663482666
20.685060501098633
20.440685272216797
20.29521942138672
20.231212615966797
20.01010513305664
19.49224853515625
19.422428131103516
20.062475204467773
19.887916564941406
20.42323112487793
20.510507583618164
20.033382415771484
20.027563095092773
20.359222412109375
20.359222412109375
20.26612663269043
20.132301330566406
20.231212615966797
19.67844581604004
19.35260581970215
19.009309768676758
18.188888549804688
18.19470977783203
18.508914947509766
18.503093719482422
17.915416717529297
17.583759307861328
17.89214515686035
17.961971282958984
17.659400939941406
17.54302978515625
17.531389236450195
17.915416717529297
18.823110580444336
18.68928337097168
18.45072364807129
18.5438289642334
18.217988967895508
18.188888549804688
18.072519302368164
17.996875762939453
17.63030433654785
17.124088287353516
16.821529388427734
16.780790328979492
16.670244216918945
16.740062713623047
17.938697814941406
16.966989517211914
16.827348709106445
16.5596866607666
17.14154052734375
17.659400939941406
17.147363662719727
17.886322021484375
17.851415634155273
18.55545997619629
18.834749221801758
18.44490623474121
16.885526657104492
17.257917404174805
17.810686111450195
17.723400115966797
17.409198760986328
16.844802856445312
16.660606384277344
16.42293930053711
17.242891311645508
17.266660690307617
17.795475006103516
17.69446563720703
17.67664337158203
18.003437042236328
17.231008529663086
16.957687377929688
17.028987884521484
17.231008529663086
17.28447914123535
17.605342864990234
17.949962615966797
18.34211540222168
18.508485794067383
18.71644401550293
17.866777420043945
18.003437042236328
17.72417449951172
18.151975631713867
17.795475006103516
17.611282348632812
18.12821388244629
18.740211486816406
18.61543083190918
18.49065589904785
18.383708953857422
17.944019317626953
18.074737548828125
18.074737548828125
18.03314971923828
18.377761840820312
17.93213653564453
17.56968879699707
17.575626373291016
17.189420700073242
17.40926742553711
17.308252334594727
17.914308547973633
18.009374618530273
18.538192749023438
18.645145416259766
18.3718204498291
18.211400985717773
18.45501136779785
18.87093162536621
18.930343627929688
18.859045028686523
19.1026554107666
18.888755798339844
19.89885139465332
20.106809616088867
19.89885139465332
19.95231819152832
19.976089477539062
19.34626579284668
19.019392013549805
19.116241455078125
19.116241455078125
18.813579559326172
19.176773071289062
19.17072296142578
19.285730361938477
19.049657821655273
19.406795501708984
19.503652572631836
19.449172973632812
19.358366012573242
19.32810401916504
19.04360008239746
19.273624420166016
19.89105987548828
19.733671188354492
19.588396072387695
19.007280349731445
18.970962524414062
19.079923629760742
19.297836303710938
19.69130516052246
20.01817512512207
20.139240264892578
20.000019073486328
19.503652572631836
19.285730361938477
18.722774505615234
18.855953216552734
19.388633728027344
19.824478149414062
20.230045318603516
20.67193031311035
20.51454734802246
20.962495803833008
19.963695526123047
19.364425659179688
20.121091842651367
21.059345245361328
21.49517250061035
21.791790008544922
21.73125648498535
21.53150177001953
21.428590774536133
21.74336051940918
21.858373641967773
22.342632293701172
22.130773544311523
22.130773544311523
22.130773544311523
21.894697189331055
21.8099422454834
21.76757049560547
21.694936752319336
21.71309471130371
21.125926971435547
20.938276290893555
20.92617416381836
20.57508087158203
20.823265075683594
20.084760665893555
20.248199462890625
20.346824645996094
20.340660095214844
20.43311882019043
20.445446014404297
20.574892044067383
20.346824645996094
20.735149383544922
20.796781539916992
20.876914978027344
21.086488723754883
21.080326080322266
21.357698440551758
21.160449981689453
20.932388305664062
21.03717803955078
21.12346649169922
21.092653274536133
21.055660247802734
21.104976654052734
21.0186824798584
20.870752334594727
20.747474670410156
21.265233993530273
21.38235092163086
21.425493240356445
21.622739791870117
21.17278289794922
21.345373153686523
20.648849487304688
20.537904739379883
20.716655731201172
20.531742095947266
20.61186981201172
20.383806228637695
20.716655731201172
21.1173038482666
20.932388305664062
20.759801864624023
20.716655731201172
21.474807739257812
21.61041831970215
21.672042846679688
21.863136291503906
21.992570877075195
22.208297729492188
22.158992767333984
22.294601440429688
22.6027889251709
22.0542049407959
22.060373306274414
21.992570877075195
22.091190338134766
21.881628036499023
22.17748260498047
22.220632553100586
22.220632553100586
22.343908309936523
22.109682083129883
22.21446418762207
22.097352981567383
22.18981170654297
21.992570877075195
21.912443161010742
21.024845123291016
20.963205337524414
20.85842514038086
20.67350959777832
20.96937370300293
21.007017135620117
21.232906341552734
21.29564666748047
20.81878089904785
20.69329071044922
21.08858871459961
20.89407730102539
21.01957130432129
21.107410430908203
21.584274291992188
21.672119140625
21.584274291992188
21.502704620361328
21.15760612487793
21.032114028930664
21.967018127441406
22.205446243286133
22.261920928955078
22.261920928955078
22.318391799926758
22.51917266845703
22.707406997680664
22.594467163085938
22.90818977355957
23.083877563476562
22.600740432739258
22.49407386779785
22.958385467529297
22.93956756591797
22.914470672607422
23.077606201171875
23.159168243408203
23.228191375732422
23.28466796875
23.372499465942383
23.466623306274414
23.454076766967773
23.843088150024414
24.025053024291992
24.200740814208984
23.786617279052734
23.41014862060547
23.28466796875
23.560739517211914
23.6925048828125
23.629758834838867
23.49172019958496
23.27838897705078
23.152902603149414
23.115249633789062
22.97720718383789
23.159168243408203
23.23446273803711
23.052505493164062
22.952112197875977
22.56308937072754
22.575639724731445
22.581920623779297
22.45642852783203
22.53799819946289
22.475250244140625
21.571725845336914
21.60309410095215
21.609371185302734
21.665842056274414
21.747411727905273
21.697219848632812
21.582275390625
21.505657196044922
21.339635848999023
21.601430892944336
21.3332576751709
21.62059211730957
21.390716552734375
21.69721794128418
21.658899307250977
21.856843948364258
21.786605834960938
21.7674503326416
21.690834045410156
21.626976013183594
21.26940155029297
21.390716552734375
21.920698165893555
21.754682540893555
21.346017837524414
21.569509506225586
21.72275733947754
21.88877296447754
21.83130645751953
21.86323356628418
21.70359992980957
21.748302459716797
21.569509506225586
21.550352096557617
21.658899307250977
21.98455238342285
22.042020797729492
22.042020797729492
21.96540069580078
22.21442222595215
22.086719512939453
22.17610740661621
22.25273323059082
22.40598487854004
22.584762573242188
22.635854721069336
22.342119216918945
22.3676700592041
22.137794494628906
21.79937744140625
21.805767059326172
21.709983825683594
21.997323989868164
22.131410598754883
22.131410598754883
21.96540069580078
21.91431427001953
21.91431427001953
22.18888282775879
22.150569915771484
21.91431427001953
22.540071487426758
22.623085021972656
22.571996688842773
22.740880966186523
22.870790481567383
22.98771095275879
23.195568084716797
23.539833068847656
23.494367599487305
23.715211868286133
23.994525909423828
24.007511138916016
23.98802375793457
23.968544006347656
23.643766403198242
23.650257110595703
23.559326171875
23.48137092590332
23.539833068847656
23.32547950744629
23.43590545654297
23.539833068847656
23.007200241088867
23.00070571899414
23.273523330688477
23.260528564453125
23.40342903137207
22.974716186523438
22.890283584594727
23.383943557739258
23.409921646118164
22.721393585205078
22.507041931152344
22.474563598632812
22.630456924438477
22.65643882751465
22.83182144165039
22.909765243530273
22.643451690673828
22.507041931152344
22.74738311767578
22.357643127441406
22.370637893676758
22.318674087524414
22.29918670654297
22.318674087524414
22.649944305419922
22.55251121520996
22.701915740966797
22.68242073059082
22.623964309692383
22.75387191772461
22.799341201782227
22.526531219482422
22.383628845214844
22.669429779052734
22.630456924438477
22.727888107299805
22.838315963745117
22.8253231048584
23.559326171875
23.643766403198242
23.474878311157227
23.598297119140625
23.871103286743164
23.734704971313477
23.87999153137207
23.424314498901367
23.074302673339844
22.902603149414062
22.8299560546875
22.645048141479492
22.51956558227539
22.559188842773438
22.45353126525879
22.55258560180664
22.612028121948242
22.572397232055664
22.810144424438477
22.763919830322266
22.697877883911133
22.697877883911133
22.935617446899414
22.962032318115234
23.080907821655273
23.325254440307617
23.44412612915039
23.325254440307617
23.483753204345703
23.609224319458008
23.767723083496094
23.992259979248047
24.15735626220703
24.203584671020508
24.40170669555664
24.586606979370117
24.896997451782227
24.97624969482422
25.25361442565918
25.009262084960938
25.10832977294922
25.372482299804688
25.37908935546875
25.35267448425293
25.557401657104492
25.52438735961914
25.497966766357422
25.26682472229004
25.39890480041504
25.630043029785156
25.656452178955078
25.762123107910156
25.82155418395996
25.88098907470703
25.550790786743164
25.57060432434082
25.590415954589844
25.590415954589844
25.61683464050293
25.755517959594727
25.61683464050293
25.52438735961914
25.82155418395996
26.16496467590332
26.858388900756836
26.91781234741211
26.858388900756836
26.785736083984375
27.347076416015625
27.393312454223633
27.340471267700195
27.286861419677734
27.00541877746582
26.72397804260254
26.543045043945312
26.1945858001709
25.980152130126953
26.1945858001709
26.13427734375
26.221391677856445
26.656953811645508
26.837892532348633
26.476024627685547
26.737369537353516
26.610050201416016
26.851295471191406
26.7708797454834
26.744077682495117
26.623456954956055
26.5229434967041
26.34201431274414
26.563146591186523
26.75748634338379
27.246652603149414
27.239953994750977
27.226547241210938
26.99201202392578
27.367277145385742
27.233251571655273
27.440990447998047
27.9301700592041
27.6688289642334
27.936866760253906
27.95697784423828
28.0574893951416
28.164710998535156
