21.82855987548828
21.82855987548828
21.643999099731445
21.56570053100586
21.551721572875977
21.691545486450195
21.46503448486328
21.428682327270508
21.688743591308594
21.58247947692871
21.618837356567383
21.68035316467285
21.576894760131836
21.10150146484375
21.012014389038086
21.084728240966797
21.277673721313477
21.24935531616211
21.328651428222656
21.138896942138672
21.13323974609375
20.985963821411133
21.042612075805664
21.011459350585938
21.0567684173584
21.178544998168945
21.070932388305664
21.40795135498047
21.501413345336914
21.532564163208008
21.512741088867188
21.841262817382812
22.033851623535156
21.849760055541992
21.946048736572266
22.104650497436523
22.209434509277344
22.09615707397461
22.158464431762695
22.29440689086914
22.311391830444336
22.070667266845703
22.19527816772461
22.288738250732422
21.960206985473633
21.886581420898438
21.920560836791992
21.781797409057617
22.223596572875977
22.35103988647461
22.246261596679688
22.115978240966797
22.31705665588379
22.232099533081055
22.368040084838867
22.339717864990234
22.469989776611328
22.622926712036133
22.852325439453125
22.7220516204834
22.78152847290039
23.410255432128906
23.296968460083008
23.251657485961914
23.206344604492188
23.4697322845459
23.350788116455078
23.308305740356445
23.212003707885742
23.166696548461914
23.039255142211914
22.976938247680664
23.149696350097656
23.248825073242188
23.271482467651367
23.285648345947266
23.452733993530273
23.6396541595459
23.710460662841797
23.578676223754883
23.607322692871094
23.635974884033203
23.509910583496094
23.664621353149414
23.587268829345703
23.48699951171875
23.509910583496094
23.45261001586914
23.39531135559082
23.401044845581055
23.624509811401367
23.710460662841797
23.7648983001709
23.853710174560547
23.908145904541016
24.059988021850586
24.452489852905273
24.75617218017578
24.82206916809082
24.716062545776367
24.86504554748535
24.896556854248047
25.191650390625
25.35209083557129
25.412242889404297
25.54976463317871
25.46381187438965
25.40079116821289
25.486736297607422
25.406513214111328
25.526845932006836
25.652904510498047
25.684415817260742
25.821943283081055
25.856321334838867
26.04827117919922
26.013898849487305
26.085521697998047
26.111303329467773
26.111303329467773
26.174333572387695
26.237361907958984
26.091249465942383
26.028223037719727
26.068330764770508
26.09698486328125
26.18006134033203
25.88210105895996
25.799020767211914
25.446624755859375
25.933673858642578
26.02535629272461
25.864910125732422
25.735992431640625
25.652904510498047
25.48960304260254
25.57842445373535
25.618532180786133
25.827672958374023
25.887834548950195
25.916471481323242
25.945438385009766
26.13076400756836
26.240800857543945
26.220535278320312
26.269760131835938
26.08153533935547
25.90489959716797
25.710891723632812
25.606645584106445
25.487926483154297
25.664562225341797
25.54582977294922
25.67034339904785
25.5400447845459
25.710891723632812
25.70220375061035
25.751428604125977
25.875944137573242
25.82672119140625
25.91358757019043
25.74853515625
25.563213348388672
25.1346435546875
25.259151458740234
25.178083419799805
25.1346435546875
25.06804656982422
24.84796714782715
24.755311965942383
25.07673454284668
25.3431339263916
25.322866439819336
25.392366409301758
25.479230880737305
25.574785232543945
25.76880645751953
25.88174057006836
25.91358757019043
26.026519775390625
26.098915100097656
26.09022331237793
26.087322235107422
26.165512084960938
26.23211669921875
26.486940383911133
26.837310791015625
26.87205696105957
27.042909622192383
27.190601348876953
27.257183074951172
27.20217514038086
27.381704330444336
27.740781784057617
27.732078552246094
27.512014389038086
27.41935157775879
27.613357543945312
27.69444465637207
27.807371139526367
27.87397003173828
27.76393699645996
27.798681259155273
27.845022201538086
27.558319091796875
27.65192985534668
27.742630004882812
27.865495681762695
27.89475440979004
27.938627243041992
27.736774444580078
27.757251739501953
27.821611404418945
27.93279266357422
28.049802780151367
27.93279266357422
27.95618438720703
27.988367080688477
27.93279266357422
27.985445022583008
28.204858779907227
28.210712432861328
28.175600051879883
27.982521057128906
28.029315948486328
28.09368896484375
28.26044273376465
28.26921844482422
28.588098526000977
28.494487762451172
28.55885124206543
28.512027740478516
28.479862213134766
28.488628387451172
28.441829681396484
28.330657958984375
28.351131439208984
28.43305206298828
28.43305206298828
28.462308883666992
28.228267669677734
28.213634490966797
28.488628387451172
28.784101486206055
28.904054641723633
28.942079544067383
28.927452087402344
28.974260330200195
28.576393127441406
27.985445022583008
28.140487670898438
28.149274826049805
28.32187843322754
28.254589080810547
28.380382537841797
28.307254791259766
28.3043270111084
28.307254791259766
28.327726364135742
28.40671730041504
28.494487762451172
28.564699172973633
28.58517837524414
28.561767578125
28.494487762451172
28.576393127441406
28.52958869934082
28.372915267944336
28.402482986450195
28.6892032623291
28.701026916503906
28.771957397460938
28.872459411621094
28.922700881958008
28.887243270874023
28.863601684570312
28.95522689819336
28.910890579223633
28.863601684570312
28.975910186767578
29.037988662719727
29.13553237915039
29.103025436401367
29.1325740814209
29.14439582824707
29.3394775390625
29.525699615478516
29.611421585083008
29.676435470581055
29.83901596069336
29.957250595092773
30.167118072509766
29.915864944458008
29.623241424560547
29.51387596130371
29.61732292175293
29.573001861572266
29.366090774536133
29.4488468170166
29.62619972229004
29.853796005249023
30.07843589782715
29.94839096069336
30.07843589782715
30.406536102294922
30.784875869750977
31.074542999267578
30.974058151245117
31.050907135009766
30.965185165405273
31.186864852905273
30.512948989868164
30.713932037353516
30.96813201904297
31.186864852905273
31.281463623046875
31.319873809814453
31.322832107543945
31.43811798095703
31.390825271606445
31.59772491455078
31.6302433013916
31.585914611816406
31.591814041137695
31.550439834594727
31.591814041137695
31.316926956176758
31.25782585144043
31.166181564331055
31.024295806884766
30.299123764038086
30.48714256286621
29.961902618408203
30.01861000061035
29.821653366088867
29.621706008911133
29.815675735473633
29.923114776611328
29.81865882873535
30.170799255371094
30.15290069580078
29.738094329833984
29.3620662689209
28.627948760986328
28.795063018798828
29.105436325073242
29.290449142456055
29.50232696533203
29.329248428344727
29.902212142944336
30.039493560791016
30.236461639404297
30.513994216918945
30.451332092285156
30.466245651245117
30.704994201660156
30.716928482055664
30.6632137298584
30.86911392211914
30.878080368041992
30.782573699951172
30.90493392944336
30.910903930664062
30.98550796508789
31.21230697631836
31.170536041259766
31.200374603271484
31.23619270324707
31.269012451171875
31.28392791748047
31.280941009521484
31.122774124145508
31.433141708374023
31.668899536132812
31.77633285522461
31.77931022644043
31.66292953491211
31.77633285522461
31.979267120361328
30.89299201965332
30.537858963012695
30.328975677490234
30.349857330322266
29.905202865600586
29.824630737304688
29.084524154663086
29.0338077545166
29.29941177368164
29.55008316040039
29.567983627319336
29.565004348754883
30.0693302154541
30.364830017089844
30.337690353393555
30.42511749267578
30.11155891418457
30.10251235961914
30.259281158447266
29.662307739257812
28.82713508605957
28.833154678344727
28.70351219177246
28.2934513092041
28.08541488647461
28.266321182250977
27.705520629882812
27.584917068481445
27.31053924560547
27.416080474853516
27.434165954589844
27.91054916381836
28.040193557739258
28.037168502807617
27.91657066345215
27.798980712890625
27.54572868347168
27.54874038696289
26.586931228637695
26.912551879882812
27.61507225036621
27.53969955444336
28.004003524780273
28.20301055908203
28.287433624267578
28.13667869567871
28.245222091674805
28.46230697631836
28.613052368164062
28.760799407958984
28.290449142456055
28.199996948242188
27.75074005126953
27.385921478271484
27.587926864624023
27.805021286010742
28.712549209594727
28.8452205657959
28.793956756591797
28.543710708618164
28.456274032592773
28.296480178833008
28.474367141723633
28.426118850708008
27.73265838623047
27.913564682006836
28.139692306518555
27.946727752685547
27.934667587280273
27.681392669677734
27.77487564086914
27.636180877685547
28.10049057006836
28.055269241333008
28.287433624267578
28.055662155151367
27.900144577026367
27.720218658447266
27.729372024536133
28.000768661499023
27.900144577026367
28.031278610229492
28.089202880859375
28.263029098510742
28.272178649902344
28.616775512695312
28.78145408630371
28.772308349609375
28.866846084594727
29.226680755615234
29.330364227294922
29.272422790527344
29.613967895507812
29.592632293701172
29.275474548339844
29.592632293701172
29.424907684326172
29.595680236816406
29.769506454467773
29.74814796447754
29.543840408325195
29.577377319335938
29.562131881713867
29.2205867767334
28.961376190185547
28.94308090209961
29.049814224243164
29.0742130279541
28.9034366607666
28.906484603881836
28.85464859008789
28.790605545043945
29.0650577545166
28.824132919311523
29.171794891357422
29.11994743347168
29.101655960083008
28.80585479736328
28.976625442504883
29.162641525268555
28.94002914428711
28.9034366607666
28.95223045349121
29.14130210876465
28.979671478271484
28.869888305664062
28.470396041870117
28.49785041809082
28.680822372436523
28.7265625
28.711318969726562
28.775352478027344
28.860746383666992
28.705211639404297
28.650325775146484
28.391122817993164
28.67167091369629
28.906484603881836
29.25108528137207
29.177051544189453
29.198640823364258
28.483030319213867
28.39974021911621
28.319530487060547
28.523120880126953
28.325712203979492
28.501537322998047
28.0943660736084
27.992578506469727
28.22083282470703
28.14680290222168
28.097450256347656
28.230085372924805
28.5076904296875
28.359642028808594
28.174560546875
28.115968704223633
28.125211715698242
28.03268051147461
27.940134048461914
27.622425079345703
27.8414306640625
28.353471755981445
28.54779815673828
28.828495025634766
28.68661117553711
28.847000122070312
28.60947608947754
28.483030319213867
28.81924057006836
28.66501235961914
28.560131072998047
28.338050842285156
28.393569946289062
28.21466636657715
28.239341735839844
28.017248153686523
27.569982528686523
27.15665054321289
26.527400970458984
27.13814353942871
27.856842041015625
29.488603591918945
29.716854095458984
29.82481575012207
29.152379989624023
29.15854835510254
29.27884292602539
28.99814224243164
29.263425827026367
29.14312744140625
28.991985321044922
28.921031951904297
28.862417221069336
29.047500610351562
29.45466423034668
29.45466423034668
29.00431251525879
29.429981231689453
29.06909942626953
29.02899742126465
28.925979614257812
29.075817108154297
28.860410690307617
29.235031127929688
29.93116569519043
30.049802780151367
29.993608474731445
30.55864715576172
30.892667770385742
31.170501708984375
31.15176773071289
31.01753044128418
30.886423110961914
30.652297973632812
30.720962524414062
30.902040481567383
30.883304595947266
30.97382926940918
30.980072021484375
31.59818458557129
31.801103591918945
31.563840866088867
31.70119285583496
32.07267761230469
31.932214736938477
31.30472755432129
31.28288459777832
31.192352294921875
31.292253494262695
31.320348739624023
31.413986206054688
31.061233520507812
31.129907608032227
31.1392822265625
30.73658561706543
30.380704879760742
30.886423110961914
30.958223342895508
31.186105728149414
31.360939025878906
31.214200973510742
31.257909774780273
31.15176773071289
31.023784637451172
31.092466354370117
31.198604583740234
31.30472755432129
31.59818458557129
31.467069625854492
30.774044036865234
30.533660888671875
29.87186050415039
29.48476791381836
29.59714698791504
29.125764846801758
28.75739860534668
28.769886016845703
29.02275276184082
29.397356033325195
29.38174819946289
28.86354637145996
28.894760131835938
29.025867462158203
29.300861358642578
29.408342361450195
29.40201187133789
29.206045150756836
28.82358169555664
28.99110221862793
29.04167938232422
28.852033615112305
28.346294403076172
28.17560577392578
28.0460147857666
28.096588134765625
27.372751235961914
27.37908363342285
26.832258224487305
26.693187713623047
27.13253402709961
26.367616653442383
26.727947235107422
27.840559005737305
27.066158294677734
27.499187469482422
27.714128494262695
28.5169734954834
28.839384078979492
28.56754493713379
28.156646728515625
28.150318145751953
28.393709182739258
28.311525344848633
27.948036193847656
27.236845016479492
26.769041061401367
26.33916473388672
27.518159866333008
28.134519577026367
28.73192024230957
28.788808822631836
28.605478286743164
28.409509658813477
28.194568634033203
27.64143180847168
28.3399715423584
28.44111442565918
28.431629180908203
28.91840362548828
29.145986557006836
29.297704696655273
29.31983184814453
29.72125244140625
30.084741592407227
30.233312606811523
30.242788314819336
30.656848907470703
30.732717514038086
30.821216583251953
30.69794273376465
31.285856246948242
31.15311050415039
31.121503829956055
31.036163330078125
30.885793685913086
30.65863609313965
30.856985092163086
31.128929138183594
31.288908004760742
31.039358139038086
31.21211814880371
30.991361618041992
30.882591247558594
30.76421356201172
30.431495666503906
30.79940414428711
30.809009552001953
31.077741622924805
31.375276565551758
31.551240921020508
31.512840270996094
31.56083869934082
31.919160842895508
32.21989059448242
32.15589904785156
32.04392623901367
32.05672073364258
32.36705017089844
32.43104553222656
32.555809020996094
32.421443939208984
32.149497985839844
31.628023147583008
31.33687973022461
31.420055389404297
31.48725700378418
31.64401626586914
32.04712677001953
32.162296295166016
32.30626678466797
32.35744857788086
32.39584732055664
32.184688568115234
32.46623611450195
32.248680114746094
32.453426361083984
32.87253952026367
33.06768798828125
32.72856521606445
32.693389892578125
32.65498733520508
32.552616119384766
32.610198974609375
32.699771881103516
32.74776840209961
32.843746185302734
33.285247802734375
33.33323669433594
33.128482818603516
32.86613845825195
32.638980865478516
32.41184997558594
32.42464065551758
32.38624954223633
32.527008056640625
32.66138458251953
33.02289581298828
32.91413497924805
33.243656158447266
32.44088363647461
32.03303146362305
32.525047302246094
31.696388244628906
31.411537170410156
31.421239852905273
31.379161834716797
31.37268829345703
31.346792221069336
31.43419075012207
31.74818229675293
31.948867797851562
31.93592071533203
31.725515365600586
31.880889892578125
31.87441635131836
31.86794090270996
32.110713958740234
32.12043380737305
32.3178825378418
32.295230865478516
32.431182861328125
32.13014221191406
32.0912971496582
32.10748291015625
31.56366539001465
31.709341049194336
31.770835876464844
32.159271240234375
32.3049430847168
32.51533508300781
32.450599670410156
32.5865592956543
32.49592208862305
32.51533508300781
32.36967086791992
32.37291717529297
32.26933288574219
32.418235778808594
32.528282165527344
32.832557678222656
33.01707077026367
33.431396484375
33.612674713134766
33.73891830444336
33.81336212158203
33.69683074951172
33.70329666137695
33.67417526245117
33.58028793334961
33.619136810302734
33.49289321899414
33.288978576660156
33.094757080078125
32.78076934814453
32.82284927368164
32.93288803100586
32.64805603027344
32.65776062011719
32.767822265625
33.14655303955078
33.27926254272461
33.12065887451172
32.937217712402344
32.95358657836914
33.17633819580078
33.10099792480469
33.32374572753906
33.087890625
32.81602096557617
32.74394989013672
32.65878677368164
32.69154357910156
32.60637283325195
32.76359176635742
32.8716926574707
32.85205078125
32.81602096557617
33.10755157470703
33.08461380004883
32.989627838134766
32.95358657836914
33.0059928894043
32.92738342285156
32.976524353027344
33.01910400390625
33.07477951049805
32.92083740234375
32.51136779785156
32.023292541503906
32.111724853515625
32.157596588134766
32.684974670410156
32.73740005493164
33.08461380004883
33.48424530029297
33.41218948364258
33.6447639465332
33.78560256958008
33.736480712890625
33.903541564941406
34.09353256225586
34.352317810058594
34.44076156616211
34.509544372558594
34.493160247802734
34.630741119384766
34.58162307739258
34.72575378417969
34.71592712402344
35.48898696899414
35.538108825683594
35.62657165527344
35.86241912841797
36.28826141357422
36.58633804321289
36.687889099121094
36.484798431396484
36.67479705810547
36.478248596191406
36.556861877441406
36.321022033691406
36.42255783081055
36.55031204223633
36.645301818847656
36.75462341308594
36.72148895263672
36.70824432373047
36.56912612915039
36.29087829589844
36.71485900878906
36.986480712890625
37.03617858886719
36.99641799926758
36.87717819213867
36.66518020629883
36.76456069946289
36.71818542480469
36.81093215942383
36.65524673461914
36.56250762939453
36.69830322265625
36.87717819213867
37.042808532714844
36.82087326049805
37.06929397583008
37.23491668701172
37.44028854370117
37.48335266113281
37.18191909790039
36.704925537109375
37.08253860473633
36.969932556152344
37.3939208984375
37.52641677856445
37.728477478027344
37.71190643310547
37.96034240722656
38.12595748901367
38.24851608276367
38.36114501953125
38.54994583129883
38.58970260620117
38.58639144897461
38.93750762939453
39.152809143066406
39.55030059814453
39.25880432128906
39.116371154785156
38.62614059448242
39.235626220703125
39.43767547607422
39.48405838012695
39.59999084472656
39.702674865722656
39.6927375793457
39.626487731933594
39.53374481201172
39.414485931396484
39.417808532714844
39.053436279296875
39.13956069946289
38.96731185913086
38.795074462890625
38.51020431518555
38.440635681152344
39.07331466674805
38.8590087890625
38.94941329956055
39.26417922973633
39.24409103393555
38.09890365600586
38.39692687988281
38.785343170166016
38.805442810058594
38.447147369384766
38.69829177856445
38.70498275756836
38.45383834838867
38.45383834838867
37.968318939208984
37.55979919433594
37.79755401611328
37.55979919433594
37.43592071533203
37.68370056152344
37.499534606933594
37.85781478881836
37.96498489379883
37.14460372924805
36.736080169677734
36.916893005371094
36.6891975402832
36.538516998291016
36.54521942138672
35.95253372192383
36.387840270996094
36.481597900390625
36.28403854370117
36.40793228149414
35.925750732421875
35.86883544921875
36.11326599121094
35.865478515625
35.52727127075195
35.493797302246094
35.71479797363281
35.8119010925293
35.59425354003906
35.23930740356445
35.28285598754883
35.56077575683594
35.25271224975586
35.3665657043457
35.36321258544922
35.36989212036133
35.323028564453125
35.1890869140625
35.11542510986328
35.29958724975586
35.97263717651367
35.75831985473633
35.547367095947266
35.316322326660156
35.493797302246094
35.6712760925293
35.74158477783203
35.53731918334961
35.306278228759766
35.8487434387207
35.95588684082031
35.53570556640625
35.57298278808594
36.04059982299805
35.898284912109375
35.711910247802734
35.96944808959961
35.96944808959961
36.04059982299805
35.938941955566406
35.95249557495117
36.084651947021484
36.396400451660156
36.599708557128906
36.65053939819336
36.562435150146484
36.45399856567383
36.911460876464844
36.99956512451172
36.67765426635742
36.50483322143555
36.43706512451172
36.30830001831055
36.338783264160156
36.450626373291016
36.67087173461914
36.61665344238281
36.70814895629883
36.6945915222168
36.75558853149414
37.03006362915039
36.765750885009766
36.24729919433594
36.1761474609375
36.47772979736328
36.43706512451172
36.274417877197266
36.14564895629883
36.23714065551758
36.16259002685547
36.08127212524414
36.460784912109375
35.772911071777344
35.89150619506836
35.73224639892578
35.423885345458984
35.65430450439453
35.54926300048828
35.508602142333984
35.27479553222656
35.57298278808594
35.51875686645508
35.65430450439453
35.932159423828125
36.159202575683594
36.29813766479492
36.39979934692383
36.348960876464844
36.32862091064453
36.48788833618164
36.5963249206543
36.833518981933594
37.07410430908203
37.28759002685547
37.25032043457031
37.34975814819336
37.4149055480957
37.435489654541016
37.720096588134766
37.99100112915039
38.00128173828125
38.11787796020508
38.100730895996094
38.25846481323242
38.49850082397461
38.34419631958008
38.50879669189453
38.49850082397461
38.49850082397461
38.6939582824707
38.656246185302734
38.60480499267578
38.63565444946289
39.09516525268555
38.98886489868164
38.80370330810547
38.84141159057617
38.93742370605469
38.940853118896484
38.940853118896484
38.995731353759766
39.12946319580078
39.297489166259766
39.314632415771484
39.297489166259766
39.13288116455078
38.89970779418945
38.752254486083984
38.628807067871094
38.68367004394531
39.153465270996094
39.468936920166016
39.46550750732422
39.35920715332031
39.33863067626953
39.28376770019531
39.468936920166016
39.427791595458984
39.45180130004883
39.366065979003906
40.511375427246094
41.56070327758789
41.26579284667969
40.950321197509766
40.806278228759766
40.96403503417969
41.02918243408203
41.07375717163086
41.20063781738281
41.15605545043945
41.05661392211914
40.9537467956543
41.289794921875
41.715003967285156
41.90702438354492
42.3425178527832
42.21564865112305
42.21564483642578
42.40972900390625
42.468650817871094
