40.81204605102539
37.59004211425781
37.73920822143555
37.848602294921875
39.389991760253906
38.46515655517578
37.38121032714844
37.37126541137695
37.59004211425781
37.35137939453125
38.007713317871094
38.03754806518555
37.44087600708008
36.545875549316406
38.08726501464844
36.7447624206543
37.23204040527344
37.78893280029297
38.624263763427734
37.96793746948242
37.59004211425781
37.95798873901367
38.335880279541016
38.72370910644531
38.21654510498047
38.50493621826172
39.51927185058594
41.28938293457031
42.1943244934082
41.746826171875
41.607608795166016
42.47277069091797
41.66727066040039
42.26393508911133
41.80649948120117
42.30371856689453
41.77666091918945
42.979942321777344
42.979942321777344
43.06944274902344
43.745662689208984
43.50699996948242
44.88927459716797
45.26716232299805
45.43621826171875
45.16771697998047
44.670494079589844
44.98872375488281
44.958885192871094
45.13788604736328
44.81966018676758
44.41193771362305
43.357826232910156
43.586551666259766
43.19871520996094
43.14899826049805
43.258384704589844
43.50699996948242
43.34788513183594
43.15894317626953
42.224159240722656
42.54237747192383
43.40755081176758
48.85711669921875
49.30461502075195
48.499114990234375
48.33005905151367
48.200775146484375
48.92672348022461
49.74216842651367
49.60294723510742
49.68250274658203
49.36428451538086
49.374229431152344
49.62283706665039
52.19845199584961
53.0835075378418
52.466949462890625
52.059226989746094
51.85039138793945
52.17856216430664
53.02383804321289
52.1387825012207
51.62166976928711
52.33767318725586
52.85478210449219
51.71117401123047
52.536563873291016
51.87028121948242
49.86150360107422
49.63277816772461
51.25373077392578
50.78633499145508
50.885780334472656
50.43828201293945
52.28795623779297
52.71556091308594
53.79950714111328
54.793949127197266
53.97850799560547
53.04372787475586
54.07795333862305
54.256954193115234
53.19289779663086
53.40172576904297
52.49678039550781
53.06361770629883
53.660282135009766
55.27128601074219
55.38067626953125
54.92323303222656
54.04811477661133
55.18178939819336
55.808284759521484
56.39501190185547
56.892234802246094
56.67345428466797
56.99168014526367
55.20167541503906
52.44706344604492
53.31222915649414
54.13761901855469
54.386226654052734
52.457008361816406
52.00950241088867
52.4172248840332
51.8006706237793
51.273616790771484
51.34322738647461
51.97966766357422
52.75533676147461
53.58073043823242
53.381839752197266
53.42161560058594
51.14433670043945
50.69683837890625
50.846004486083984
50.87583923339844
51.92995071411133
53.06361770629883
52.77522659301758
53.42161560058594
54.2768440246582
54.49562072753906
54.54534149169922
54.14756393432617
54.86355972290039
54.883445739746094
54.5552864074707
54.813838958740234
53.92878341674805
54.6447868347168
56.62372970581055
55.97734451293945
56.6336784362793
55.897789001464844
57.1905632019043
59.3882942199707
58.88112258911133
59.52751159667969
60.61145782470703
60.8004035949707
59.74629592895508
58.07562255859375
56.76295471191406
59.04022979736328
57.638065338134766
60.631351470947266
60.19379425048828
58.145233154296875
60.621402740478516
61.28768539428711
61.357295989990234
61.2081298828125
60.70096206665039
60.8899040222168
61.13851547241211
62.77935028076172
62.45117950439453
63.376014709472656
62.66996383666992
62.66001510620117
63.236793518066406
63.55501937866211
63.30640411376953
63.385963439941406
65.85218811035156
62.0235710144043
61.148460388183594
62.71968460083008
63.3262939453125
62.78929138183594
60.402626037597656
59.44795608520508
60.68107604980469
61.17829513549805
58.73196029663086
57.83695602416992
57.99606704711914
59.29879379272461
58.1054573059082
58.7916259765625
56.71323013305664
56.04695510864258
56.33534622192383
54.90333938598633
55.659122467041016
55.44034194946289
56.77289581298828
58.47340393066406
57.8270149230957
55.43040084838867
54.1077880859375
53.670230865478516
54.90333938598633
56.6336784362793
54.247005462646484
52.57633972167969
53.48128128051758
54.92323303222656
55.669063568115234
55.788394927978516
55.79833984375
56.76295471191406
55.33095169067383
54.42600631713867
52.5067253112793
48.85711669921875
50.47805404663086
51.36311721801758
51.79072570800781
52.14872360229492
53.35200500488281
51.49238967895508
50.1498908996582
49.8714485168457
50.00072479248047
53.13322830200195
51.9896125793457
51.59184265136719
51.13439178466797
51.51227951049805
52.9343376159668
52.596229553222656
49.911224365234375
52.974117279052734
53.113338470458984
54.05806350708008
53.04372787475586
54.097843170166016
52.33767318725586
52.08906555175781
50.6670036315918
50.78633499145508
51.08467102050781
51.51227951049805
51.42278289794922
52.76528549194336
53.01389694213867
52.745399475097656
54.00834655761719
54.30667495727539
57.49884033203125
57.439178466796875
57.55851364135742
57.1905632019043
57.67784118652344
57.140838623046875
57.091121673583984
56.85245132446289
57.0612907409668
57.75740432739258
58.871177673339844
58.58279037475586
58.43362045288086
57.02151107788086
54.58511734008789
54.296730041503906
53.99839782714844
53.90889358520508
54.42600631713867
53.44150924682617
53.65034484863281
52.34761428833008
53.202842712402344
53.02383804321289
53.30228042602539
53.30228042602539
53.759727478027344
54.58511734008789
53.7000617980957
54.525455474853516
55.93756866455078
53.94866943359375
53.18294906616211
54.595062255859375
53.99839782714844
53.59067153930664
53.45145034790039
54.13761901855469
54.56523132324219
52.457008361816406
52.526615142822266
53.2127799987793
53.33211898803711
54.07795333862305
54.65473175048828
55.082340240478516
55.40056228637695
59.46784591674805
58.9010124206543
59.308738708496094
59.24907302856445
57.96623611450195
58.76179504394531
59.51756286621094
58.702117919921875
58.75185012817383
59.4777946472168
60.02473831176758
59.3286247253418
60.362850189208984
60.87001419067383
58.920902252197266
57.2502326965332
57.29001235961914
57.130897521972656
57.3397331237793
57.9165153503418
57.00162124633789
56.49445343017578
57.3397331237793
55.60939407348633
56.245845794677734
56.91212463378906
57.210453033447266
56.41490173339844
56.32539367675781
58.13528823852539
57.97617721557617
56.59389877319336
57.57840347290039
56.812679290771484
54.465789794921875
52.9343376159668
52.42717361450195
52.79512023925781
53.57078170776367
55.321006774902344
55.718788146972656
56.92206954956055
55.93756866455078
57.55851364135742
59.2391242980957
58.781681060791016
61.18824005126953
60.631351470947266
61.3771858215332
63.634578704833984
63.236793518066406
63.2169075012207
61.566131591796875
62.73957443237305
63.614688873291016
64.0920181274414
63.70418167114258
63.41579818725586
62.809181213378906
63.55501937866211
62.16279220581055
62.12302017211914
60.68107604980469
57.97617721557617
57.86678695678711
57.7673454284668
59.010398864746094
58.9010124206543
59.537452697753906
58.75185012817383
58.920902252197266
58.55295944213867
58.6225700378418
58.52312088012695
56.096675872802734
55.82817459106445
55.012733459472656
55.17184066772461
54.76411437988281
55.102230072021484
53.49123001098633
56.68339538574219
59.00046157836914
59.52751159667969
59.52751159667969
60.16395950317383
59.994903564453125
60.4622917175293
60.014793395996094
59.09990310668945
58.98057174682617
58.91096115112305
57.846900939941406
56.88228988647461
56.61378479003906
58.26457214355469
57.83695602416992
57.40934371948242
57.64801025390625
56.93201446533203
54.803897857666016
56.32539367675781
56.97178649902344
57.38945770263672
57.67784118652344
58.294403076171875
59.44795608520508
57.46901321411133
56.03700637817383
57.77729034423828
56.136451721191406
56.96184158325195
58.284461975097656
58.66234588623047
58.93084716796875
58.841346740722656
57.657955169677734
58.46345901489258
58.47340393066406
60.919734954833984
62.50090408325195
61.72523880004883
62.65007400512695
62.46112823486328
63.385963439941406
62.23240661621094
61.58601760864258
62.52079391479492
69.849853515625
68.99463653564453
68.07975006103516
66.57813262939453
64.51962280273438
65.22567749023438
64.20140838623047
65.11629486083984
63.40584945678711
63.3262939453125
64.5892333984375
64.2411880493164
66.06102752685547
67.1748046875
68.16925048828125
68.4974136352539
67.31402587890625
67.28419494628906
66.99580383300781
65.41463470458984
65.62346649169922
66.18035125732422
66.47867584228516
66.43891143798828
65.71297454833984
66.30963134765625
67.56263732910156
67.8211898803711
67.83113861083984
67.3637466430664
67.26429748535156
66.70741271972656
66.5383529663086
66.83668518066406
67.53280639648438
65.4444580078125
66.52841186523438
67.00574493408203
67.33390808105469
68.0896987915039
67.4532470703125
67.46318817138672
66.5184555053711
74.23536682128906
72.41552734375
72.9525375366211
71.20230865478516
72.34591674804688
73.38014221191406
74.10608673095703
71.99786376953125
70.80451965332031
71.3713607788086
71.3912582397461
72.4751968383789
71.99786376953125
72.39563751220703
71.08297729492188
69.77030181884766
72.50503540039062
74.59336853027344
73.16136169433594
73.53925323486328
72.27631378173828
72.34591674804688
72.69396209716797
72.49507904052734
73.0619125366211
71.80891418457031
73.14147186279297
71.44096374511719
71.36141967773438
72.6243667602539
71.99786376953125
71.3713607788086
72.15696716308594
72.99231719970703
74.00664520263672
75.28947448730469
74.58341979980469
74.36463928222656
73.78785705566406
73.09175109863281
73.20114135742188
71.93820190429688
69.6111831665039
69.24323272705078
70.148193359375
70.02886199951172
68.77586364746094
69.8697509765625
69.00457763671875
69.57140350341797
70.74485778808594
70.65536499023438
71.3912582397461
70.96363830566406
72.01774597167969
72.40558624267578
72.36579895019531
73.41991424560547
73.45970153808594
71.80891418457031
73.50941467285156
72.05752563476562
73.38014221191406
73.46963500976562
72.9525375366211
72.89286804199219
72.03764343261719
71.4906997680664
72.12712860107422
70.03880310058594
70.01891326904297
70.87413024902344
71.23213195800781
70.64541625976562
71.00341796875
72.58458709716797
73.62875366210938
72.17686462402344
71.63985443115234
67.44329833984375
68.76591491699219
64.80802154541016
64.81796264648438
68.13941192626953
69.5515365600586
69.85980987548828
68.9747543334961
66.2599105834961
67.60240936279297
67.87091064453125
66.75713348388672
70.36697387695312
68.6465835571289
69.3526382446289
69.66091918945312
69.5018081665039
70.87413024902344
71.48074340820312
71.9183120727539
71.00341796875
71.73930358886719
71.25202941894531
71.59014129638672
71.31169128417969
72.03764343261719
68.65652465820312
68.00019073486328
69.04435729980469
72.50503540039062
73.51936340332031
74.85192108154297
74.00664520263672
74.58341979980469
74.67292022705078
74.83203125
75.4585189819336
76.20436096191406
75.16020202636719
77.26841735839844
78.33247375488281
77.49713897705078
77.09937286376953
75.40880584716797
76.94025421142578
78.12364959716797
77.78553771972656
77.31814575195312
78.09381866455078
77.70598602294922
77.27836608886719
78.76009368896484
78.19325256347656
77.95458984375
78.27281188964844
78.96893310546875
77.78553771972656
77.81536102294922
78.27281188964844
77.8650894165039
75.18008422851562
75.83642578125
76.81097412109375
76.92035675048828
80.19209289550781
80.54014587402344
80.33130645751953
79.9434814453125
79.96337890625
79.52581787109375
79.24736785888672
80.5600357055664
80.4307632446289
79.48603820800781
81.68376159667969
80.23186492919922
80.62965393066406
79.26725769042969
78.9390869140625
76.44303131103516
76.56236267089844
76.94025421142578
78.45182037353516
77.99436950683594
76.60214233398438
76.86070251464844
77.42752838134766
77.60653686523438
77.39771270751953
77.7656478881836
78.99876403808594
78.70042419433594
77.96453094482422
76.28392791748047
76.62203979492188
75.86624908447266
73.88731384277344
72.82325744628906
72.77352905273438
74.04641723632812
71.94813537597656
72.66413879394531
70.46641540527344
70.40675354003906
69.9393539428711
69.12391662597656
71.152587890625
69.5316390991211
69.48192596435547
67.05546569824219
65.32513427734375
67.68196868896484
68.05986785888672
64.16162109375
64.9770736694336
66.82673645019531
58.18500900268555
53.749786376953125
57.01156997680664
58.43362045288086
58.91096115112305
59.3485107421875
59.3882942199707
63.137351989746094
61.357295989990234
61.79484558105469
63.624629974365234
62.55063247680664
62.1727409362793
69.03440856933594
69.33274841308594
67.37368774414062
69.63107299804688
70.03880310058594
70.40675354003906
70.66529846191406
70.09847259521484
69.43218994140625
70.64541625976562
70.30729675292969
71.23213195800781
71.81886291503906
71.30174255371094
72.3260269165039
72.31607818603516
72.24647521972656
71.84869384765625
72.44536590576172
71.38130187988281
72.03764343261719
71.55036163330078
71.89842987060547
73.88731384277344
73.41991424560547
75.30937194824219
75.26959228515625
74.1657485961914
75.16020202636719
74.90164184570312
74.43424987792969
73.74809265136719
73.85746765136719
75.52814483642578
75.72703552246094
75.88613891601562
76.84080505371094
75.76681518554688
75.71709442138672
76.72148132324219
76.05520629882812
76.08504486083984
75.78668975830078
75.26959228515625
74.96131134033203
75.37898254394531
76.8209228515625
74.48397827148438
73.57903289794922
73.40003204345703
73.83758544921875
74.20553588867188
75.49830627441406
75.3690414428711
75.46847534179688
75.94581604003906
76.88057708740234
76.34358978271484
77.43748474121094
80.63958740234375
80.56997680664062
81.27603912353516
82.29037475585938
83.10581970214844
82.88703918457031
83.30470275878906
83.24504852294922
82.98648071289062
82.77764892578125
82.09149169921875
82.36992645263672
82.67820739746094
82.88703918457031
82.27049255371094
81.37548828125
81.0373764038086
80.63958740234375
81.53459167480469
81.18653869628906
80.05287170410156
80.76887512207031
81.17659759521484
80.17220306396484
81.82298278808594
78.02420043945312
75.64747619628906
77.1192626953125
78.56120300292969
78.96893310546875
79.3865966796875
78.2330322265625
78.06398010253906
78.32254028320312
80.44070434570312
81.20643615722656
81.47492980957031
80.87826538085938
81.10697937011719
80.94786834716797
81.17659759521484
80.91803741455078
81.68376159667969
81.2461929321289
82.09149169921875
81.73348236083984
81.30587768554688
81.04731750488281
81.87271118164062
81.34565734863281
80.56997680664062
80.05287170410156
79.96337890625
80.11253356933594
80.87826538085938
80.7191390991211
80.72909545898438
79.7943115234375
81.02742767333984
81.17659759521484
78.48165130615234
77.5269775390625
75.89608764648438
76.48281860351562
77.04964447021484
76.8209228515625
77.5866470336914
77.38775634765625
79.71476745605469
79.58547973632812
79.4760971069336
79.3865966796875
78.97886657714844
75.48836517333984
74.68286895751953
75.00109100341797
74.59336853027344
74.46408081054688
73.78785705566406
73.94698333740234
72.6541976928711
73.40996551513672
73.57903289794922
72.88291931152344
72.59452819824219
72.50503540039062
73.76797485351562
74.17569732666016
69.9990234375
69.80014038085938
69.66091918945312
71.22219848632812
70.80451965332031
70.93380737304688
70.12830352783203
72.22657775878906
68.03997039794922
70.86419677734375
70.51614379882812
74.68286895751953
72.01774597167969
71.82881164550781
70.2376937866211
73.85746765136719
72.42547607421875
72.36579895019531
72.41552734375
72.18679809570312
73.5889663696289
74.6430892944336
74.6430892944336
74.53369140625
74.32485961914062
74.71269226074219
74.7425308227539
75.03092193603516
74.58341979980469
73.72820281982422
73.95691680908203
75.87620544433594
76.12481689453125
75.4784164428711
73.22103118896484
74.17569732666016
72.3558578491211
73.60885620117188
72.90280151367188
74.7723617553711
77.3380355834961
75.72703552246094
75.15025329589844
73.53925323486328
73.32048797607422
72.52491760253906
72.52491760253906
71.60008239746094
68.07975006103516
68.030029296875
70.40675354003906
70.22775268554688
71.38130187988281
71.46086120605469
70.77469635009766
69.98907470703125
71.21224975585938
70.93380737304688
69.83992004394531
69.47196960449219
69.12391662597656
69.47196960449219
69.72058868408203
69.51174926757812
69.48192596435547
69.46202850341797
68.70624542236328
68.76591491699219
68.07975006103516
70.148193359375
72.39563751220703
72.38569641113281
73.39009094238281
73.5491943359375
73.569091796875
75.3491439819336
74.79225158691406
75.21986389160156
74.60330200195312
75.35909271240234
75.15025329589844
75.60769653320312
75.73699188232422
76.68170166015625
78.03414916992188
77.51702880859375
77.77559661865234
78.27281188964844
78.66065216064453
78.1435317993164
79.68492126464844
79.76448059082031
79.30703735351562
79.76448059082031
80.25175476074219
80.57991790771484
80.19209289550781
80.46060180664062
80.47054290771484
81.21637725830078
80.37109375
81.01748657226562
81.72354125976562
81.62409210205078
81.61414337158203
81.32575988769531
81.08708953857422
80.89815521240234
83.344482421875
82.2108154296875
81.76332092285156
82.04175567626953
82.5091552734375
83.01631927490234
82.81742858886719
83.04615783691406
83.14559936523438
83.04615783691406
83.01631927490234
83.05609130859375
82.56881713867188
82.43954467773438
81.09703826904297
81.42520141601562
81.06719970703125
81.15670776367188
81.15670776367188
81.68376159667969
81.92243194580078
82.10142517089844
82.03181457519531
81.85282135009766
82.5091552734375
84.86598205566406
84.52787017822266
83.91131591796875
83.7720947265625
83.39421081542969
82.90693664550781
82.66825866699219
83.73231506347656
83.24504852294922
83.03620910644531
83.58316040039062
83.32459259033203
83.70248413085938
84.27926635742188
84.4781494140625
85.3731460571289
85.64165496826172
86.17865753173828
86.60626983642578
86.06926727294922
86.0394287109375
86.48693084716797
86.37754821777344
86.64604949951172
86.82504272460938
87.22282409667969
88.5454330444336
89.30121612548828
89.25149536132812
87.35210418701172
87.2625961303711
86.91454315185547
88.44599914550781
87.99848937988281
89.10232543945312
90.76304626464844
90.32550048828125
90.35533142089844
89.14210510253906
89.5498275756836
90.35533142089844
90.8724365234375
90.59398651123047
90.88238525390625
90.74315643310547
86.78526306152344
85.70132446289062
86.78526306152344
86.68582916259766
85.79082489013672
85.52232360839844
87.05377960205078
86.43721008300781
87.07366180419922
87.97860717773438
88.12776947021484
87.62060546875
87.1929931640625
87.60071563720703
86.31788635253906
86.11898803710938
85.62176513671875
87.01399993896484
86.36759948730469
87.43165588378906
88.00843811035156
87.85926818847656
89.89788818359375
89.07249450683594
89.5000991821289
88.79405212402344
88.77415466308594
89.06255340576172
90.037109375
89.19182586669922
89.17192840576172
90.12660217285156
90.56415557861328
90.00727081298828
90.11666870117188
90.29566192626953
90.71333312988281
89.3907241821289
89.84815216064453
89.94760131835938
89.99732208251953
89.75865936279297
89.61943817138672
87.14325714111328
87.79960632324219
89.74871826171875
90.19620513916016
91.72765350341797
90.37521362304688
90.2558822631836
91.25032806396484
92.4337158203125
92.55305480957031
93.6270523071289
93.57733154296875
93.13977813720703
93.30883026123047
94.3331069946289
94.95960998535156
95.47672271728516
95.64579010009766
95.28777313232422
96.19273376464844
95.8943862915039
97.16728210449219
96.31205749511719
95.07894134521484
94.77066802978516
94.10437774658203
95.20822143554688
94.82038116455078
94.68115997314453
94.3331069946289
94.41265869140625
91.95638275146484
91.82710266113281
92.69227600097656
92.08566284179688
92.90111541748047
93.41822052001953
94.83033752441406
94.98943328857422
95.19828796386719
95.78500366210938
95.73526763916016
94.86016845703125
95.47672271728516
96.2026596069336
96.40155029296875
96.61038970947266
96.18278503417969
95.90433502197266
96.6501693725586
98.35066986083984
97.89322662353516
98.11199951171875
99.0368423461914
99.49427795410156
100.14066314697266
100.14066314697266
101.77156066894531
101.38372802734375
102.03012084960938
102.13951110839844
101.85111236572266
102.14945220947266
104.44661712646484
103.0245590209961
104.65544891357422
105.19245910644531
105.63996124267578
104.84440612792969
106.43550109863281
106.98246002197266
106.77362060546875
108.19568634033203
106.23662567138672
106.55485534667969
105.98800659179688
105.8686752319336
102.95494842529297
103.74056243896484
103.25328826904297
99.29539489746094
100.1307373046875
102.34834289550781
103.49195098876953
102.8654556274414
103.95933532714844
103.09417724609375
103.36267852783203
103.6610107421875
104.89412689208984
104.49634552001953
103.68089294433594
102.81573486328125
103.0444564819336
102.05995178222656
101.97045135498047
102.07984161376953
102.21905517578125
101.66217803955078
