76.05708312988281
75.36450958251953
74.51255798339844
73.9118881225586
74.59223175048828
75.19901275634766
74.43901824951172
73.5318832397461
74.56769561767578
73.72188568115234
74.29800415039062
74.48189544677734
73.85673522949219
72.2938003540039
72.89442443847656
71.6011962890625
71.98733520507812
72.4163818359375
72.75961303710938
72.53280639648438
72.98636627197266
73.0292739868164
72.98636627197266
73.86286926269531
74.3102798461914
75.55451965332031
75.32772064208984
75.86097717285156
76.03871154785156
76.4187240600586
76.07548522949219
76.2164535522461
76.90293884277344
77.78556823730469
77.85908508300781
78.00005340576172
77.45455169677734
78.30653381347656
78.1839370727539
77.33195495605469
77.09291076660156
77.16036224365234
77.49747467041016
76.58423614501953
75.99581909179688
75.4748306274414
75.59127807617188
75.43191528320312
75.08255004882812
74.65353393554688
75.08255004882812
74.8067398071289
74.31237030029297
74.08370971679688
73.32975769042969
73.10111236572266
72.73651123046875
73.10111236572266
73.86741638183594
73.44100952148438
73.42247772216797
75.27641296386719
74.38651275634766
74.42361450195312
74.49776458740234
74.68934631347656
75.00450134277344
74.90563201904297
75.52977752685547
76.01799011230469
76.58035278320312
76.56182861328125
76.71631622314453
76.67925262451172
76.83990478515625
77.7545394897461
77.51966857910156
77.19832611083984
77.56912994384766
76.9325942993164
76.67304229736328
76.31461334228516
75.78933715820312
75.08485412597656
74.97361755371094
74.67080688476562
73.076416015625
73.00224304199219
72.84159851074219
72.1370849609375
71.76627349853516
71.9207992553711
72.71798706054688
73.28032684326172
73.01460266113281
73.63878631591797
73.86124420166016
73.94157409667969
74.0466079711914
74.55335998535156
74.23820495605469
74.50394439697266
74.5224838256836
74.72021484375
75.08485412597656
74.34326934814453
74.13314819335938
72.9280776977539
72.98368835449219
73.20001220703125
74.86236572265625
74.10224914550781
74.8932876586914
74.8252944946289
74.15787506103516
74.21349334716797
74.50639343261719
74.81795501708984
75.12953186035156
76.06429290771484
76.02692413330078
76.93675994873047
77.29194641113281
77.1112289428711
76.51300048828125
76.28863525390625
76.30110168457031
76.2387924194336
76.35095977783203
75.88355255126953
75.46607208251953
76.20763397216797
76.86196899414062
77.06139373779297
76.08922576904297
75.39751434326172
74.71827697753906
74.91768646240234
73.99537658691406
75.77767944335938
76.78719329833984
76.51300048828125
76.52545166015625
76.96790313720703
77.77804565429688
78.03975677490234
77.41658782958984
77.8403549194336
77.3604965209961
77.49137878417969
77.2857437133789
77.94005584716797
76.83082580566406
76.83082580566406
75.40997314453125
74.31320190429688
74.51261901855469
74.26958465576172
74.05146026611328
74.33810424804688
75.00491333007812
75.04854583740234
73.77729034423828
72.4686050415039
72.55586242675781
72.81134796142578
72.2878646850586
72.56829833984375
69.56463623046875
69.25926208496094
69.0660629272461
68.24971771240234
69.34027099609375
69.82637023925781
69.6020278930664
70.7798080444336
70.43401336669922
70.73580169677734
71.34563446044922
70.86151885986328
71.42109680175781
72.04979705810547
70.84270477294922
71.76687622070312
72.28241729736328
72.62194061279297
72.73509979248047
72.50877380371094
72.20069122314453
72.50251007080078
71.94291687011719
72.20694732666016
72.3515853881836
72.82939147949219
71.99322509765625
72.7099609375
71.95549774169922
71.73543548583984
72.34530639648438
73.08087158203125
72.42700958251953
72.62194061279297
72.69735717773438
72.83567810058594
73.61528015136719
74.00508880615234
73.97994232177734
74.50175476074219
74.75951385498047
74.81610870361328
75.0361328125
74.84126281738281
74.69036102294922
73.7724609375
74.06167602539062
74.87899780273438
73.36380004882812
73.57755279541016
74.62748718261719
75.63343811035156
76.59537506103516
77.75845336914062
78.11052703857422
77.95966339111328
78.3934555053711
78.14824676513672
77.95336151123047
79.04731750488281
79.19819641113281
78.91526794433594
78.5506362915039
78.41231536865234
78.81468200683594
78.56947326660156
79.36166381835938
78.64491271972656
78.60722351074219
78.73925018310547
79.12275695800781
79.48111724853516
78.50464630126953
78.10517883300781
77.95934295654297
77.67400360107422
78.7265625
78.3905258178711
78.22565460205078
77.88957214355469
77.68668365478516
77.55989074707031
77.8578872680664
77.49012756347656
77.70570373535156
77.57889556884766
78.32075500488281
78.74559783935547
78.85973358154297
79.47476959228516
79.3733139038086
79.96302032470703
80.69217681884766
81.5038070678711
81.68770599365234
82.60709381103516
83.69135284423828
83.91326904296875
84.31910705566406
83.5518569946289
83.20948791503906
83.01290893554688
82.6578369140625
82.77830505371094
82.77195739746094
82.57539367675781
83.18411254882812
82.72757720947266
82.36615753173828
83.3109130859375
82.58807373046875
81.4594497680664
81.9603500366211
81.9603500366211
82.99388885498047
82.48029327392578
82.67684173583984
83.24748992919922
84.06548309326172
84.88975524902344
85.50484466552734
84.69319915771484
84.48394775390625
83.96400451660156
84.03377532958984
81.94766235351562
81.09801483154297
81.2691879272461
79.23382568359375
79.7220687866211
79.67132568359375
81.0726318359375
80.9775161743164
80.58439636230469
80.90776824951172
80.50196838378906
80.63626861572266
80.7641372680664
81.6146469116211
81.52510070800781
81.8064956665039
81.28211212158203
81.74890899658203
82.0110855102539
82.2604751586914
82.33084869384766
82.77847290039062
81.55708312988281
81.76172637939453
81.0838851928711
81.46758270263672
80.70661926269531
80.0479507446289
79.4724349975586
79.1846923828125
78.4365005493164
79.44686889648438
79.90727233886719
79.75379943847656
79.3829116821289
79.80496215820312
78.9672622680664
78.6922836303711
78.27025604248047
77.17037963867188
77.67554473876953
77.08724212646484
76.30073547363281
75.2328109741211
74.88749694824219
75.27117919921875
75.51416015625
74.19047546386719
75.42465209960938
73.22489166259766
72.82843017578125
71.63902282714844
70.20021057128906
69.87409973144531
71.01873779296875
71.4919662475586
71.29371643066406
73.59579467773438
72.8987808227539
74.29917907714844
74.12014770507812
73.55101776123047
74.9002685546875
74.90667724609375
74.94505310058594
76.70356750488281
74.67646789550781
73.77481079101562
74.84915924072266
75.7955322265625
75.96817779541016
75.40545654296875
75.73796844482422
75.2328109741211
74.46544647216797
75.0721206665039
74.70423889160156
74.52352142333984
75.16893005371094
75.71105194091797
76.53070068359375
75.8917465209961
74.96239471435547
74.29116821289062
70.26395416259766
72.10974884033203
73.58769989013672
73.38765716552734
72.46473693847656
71.55471801757812
68.92797088623047
69.06350708007812
67.67591857910156
67.70820617675781
66.07533264160156
65.0943603515625
65.63646697998047
68.424560546875
70.3671875
72.88423156738281
72.30335998535156
73.54252624511719
73.23274230957031
73.09076690673828
73.13593292236328
73.0003890991211
72.40019989013672
72.65833282470703
69.75408172607422
69.7218017578125
69.6636962890625
71.25785827636719
69.83797454833984
68.33419799804688
67.24994659423828
67.05635833740234
66.26248168945312
67.84371948242188
68.7149887084961
69.80569458007812
70.29621124267578
68.96025085449219
70.27039337158203
69.87023162841797
66.9337158203125
66.47547912597656
66.17214965820312
68.45039367675781
70.68990325927734
69.9283447265625
70.54789733886719
70.74153900146484
71.270751953125
71.10940551757812
70.9803237915039
72.2511978149414
73.50251007080078
73.25482940673828
71.97747802734375
70.61536407470703
70.77828979492188
70.29598236083984
70.36119079589844
70.76524353027344
69.77461242675781
69.52694702148438
69.01860809326172
68.53633117675781
68.53633117675781
68.2560806274414
67.4870376586914
67.74772644042969
67.06991577148438
67.48050689697266
66.75054931640625
66.22917175292969
67.21330261230469
67.23936462402344
69.54000091552734
68.26910400390625
69.75505065917969
69.0316390991211
67.91065216064453
68.86871337890625
68.59498596191406
67.96278381347656
69.67034912109375
68.41901397705078
68.29517364501953
68.6145248413086
69.6833724975586
70.7391586303711
69.51394653320312
69.70291137695312
69.67684173583984
69.4096450805664
70.9346923828125
71.95793914794922
71.79498291015625
71.11067962646484
71.87972259521484
71.51473999023438
71.36483764648438
71.6711654663086
71.60599517822266
71.49517822265625
72.420654296875
72.81819915771484
72.38154602050781
71.06504821777344
70.59579467773438
70.38724517822266
70.35466766357422
70.10699462890625
70.81086730957031
69.97013854980469
70.10047149658203
70.19171142578125
70.6805191040039
71.10836791992188
70.20001220703125
69.12710571289062
69.27850341796875
69.43648529052734
69.04154205322266
67.98835754394531
67.86988830566406
67.95547485351562
67.7974853515625
67.5539321899414
67.52102661132812
67.25113677978516
66.73773193359375
66.86936950683594
66.09928894042969
66.09928894042969
67.02735900878906
66.5600357055664
65.73724365234375
65.35546875
65.84912872314453
65.66482543945312
65.98735809326172
65.47393798828125
66.01368713378906
65.88204956054688
65.34226989746094
64.73014831542969
64.90128326416016
63.64406967163086
63.4992561340332
63.2491455078125
63.10432052612305
62.38025665283203
62.70939636230469
61.58381271362305
61.72862243652344
62.143306732177734
62.268348693847656
62.893680572509766
62.03139114379883
62.18938064575195
61.31393814086914
61.17570495605469
61.80759811401367
61.550899505615234
61.17570495605469
59.63545227050781
58.674442291259766
60.82027816772461
61.3797492980957
61.23495864868164
58.24002456665039
56.34431457519531
56.08761215209961
55.31092071533203
56.074432373046875
55.126590728759766
56.53520202636719
56.46281814575195
57.127593994140625
56.50889587402344
56.601009368896484
55.4746208190918
55.61457443237305
53.92826843261719
52.815181732177734
50.49567794799805
48.069549560546875
46.669857025146484
48.7160758972168
51.748756408691406
53.60833740234375
53.98158645629883
52.1153450012207
52.0286750793457
52.1619987487793
51.10223388671875
51.215538024902344
49.935813903808594
50.42902755737305
50.51568603515625
50.50233459472656
51.435489654541016
52.66853332519531
52.92850112915039
51.815399169921875
52.04867935180664
51.48880386352539
50.73564147949219
51.24885940551758
51.78874206542969
50.50233459472656
50.82229232788086
52.575218200683594
52.215293884277344
54.35483932495117
56.007835388183594
57.980716705322266
58.73390197753906
59.926979064941406
59.70036315917969
59.14714813232422
58.90717697143555
59.826988220214844
60.46687698364258
60.84676742553711
60.0069580078125
59.980281829833984
59.54042053222656
61.06672668457031
60.813446044921875
59.167137145996094
58.4539680480957
59.84698486328125
59.91364669799805
60.573486328125
63.29289627075195
65.4124526977539
64.4992904663086
63.01962661743164
62.67304611206055
61.53328323364258
62.139808654785156
61.44663619995117
59.89365768432617
59.107139587402344
61.69783401489258
61.41450881958008
62.21059036254883
61.2795524597168
60.05168914794922
60.7263298034668
61.63038635253906
61.306549072265625
60.96921920776367
61.610111236572266
62.39275360107422
60.88825225830078
59.94371795654297
60.52394485473633
58.884517669677734
58.317787170410156
59.10038757324219
60.2473258972168
58.317787170410156
60.267574310302734
62.581661224365234
63.04042434692383
61.083892822265625
60.59140396118164
60.20685577392578
60.901763916015625
63.2900505065918
62.10265350341797
60.96245193481445
61.562923431396484
60.780303955078125
60.69261169433594
59.94371795654297
60.456485748291016
58.06816482543945
56.01043701171875
55.40998840332031
54.49245834350586
55.42348861694336
54.87026596069336
57.66338348388672
56.4489631652832
54.9917106628418
53.28481674194336
54.681365966796875
56.36127853393555
54.57341766357422
56.75257110595703
56.192626953125
57.96696853637695
58.338035583496094
57.541934967041016
54.809547424316406
57.08991622924805
57.2045783996582
55.91598129272461
58.01417922973633
55.94298553466797
56.02394104003906
55.99021530151367
57.63638687133789
57.943843841552734
60.33510208129883
59.2556037902832
59.098472595214844
60.683536529541016
58.01216506958008
58.25811004638672
58.278594970703125
57.629554748535156
57.007835388183594
58.84569549560547
59.53572082519531
59.802188873291016
60.075469970703125
61.94748306274414
60.62889099121094
63.41640090942383
64.18161010742188
64.61888885498047
64.4002685546875
64.4071044921875
65.17912292480469
66.19712829589844
66.74371337890625
65.8896713256836
65.24742126464844
63.942501068115234
64.80335235595703
64.68721008300781
65.12447357177734
65.07665252685547
65.17912292480469
64.4002685546875
63.83317947387695
63.31393051147461
64.7965087890625
64.76237487792969
65.81450653076172
65.0698013305664
66.6207046508789
66.68219757080078
66.94182586669922
66.42940521240234
67.43376159667969
68.66354370117188
69.4765853881836
69.2784194946289
69.69520568847656
69.35359191894531
69.88650512695312
70.95232391357422
69.961669921875
69.81135559082031
70.58340454101562
69.22378540039062
68.72504425048828
69.29210662841797
69.5927505493164
68.56106567382812
69.18963623046875
69.10079193115234
69.77035522460938
68.8275146484375
69.88650512695312
69.56200408935547
69.08560180664062
68.94062042236328
68.89917755126953
68.6160888671875
69.17536163330078
70.26622772216797
70.0798110961914
70.43885803222656
69.73461151123047
69.82437133789062
69.41009521484375
69.4998550415039
69.85197448730469
71.33642578125
71.17764282226562
70.98429870605469
70.41122436523438
70.49408721923828
69.92794799804688
69.47913360595703
69.7829360961914
70.12815856933594
70.84622192382812
71.28118133544922
70.62527465820312
72.1097183227539
70.35601806640625
69.29273986816406
70.16960144042969
71.40547943115234
72.37901306152344
71.90950012207031
71.509033203125
72.20640563964844
71.1500244140625
72.33757019042969
72.76565551757812
73.725341796875
73.63561248779297
73.6701431274414
73.8979721069336
73.24897003173828
73.21443939208984
72.90372467041016
72.76565551757812
72.95209503173828
71.16383361816406
70.8945541381836
70.60456085205078
70.28004455566406
70.75647735595703
68.42964935302734
68.76107788085938
69.46531677246094
69.31341552734375
69.39628601074219
69.8727035522461
69.95555114746094
69.14083099365234
70.01078033447266
70.53553009033203
70.95671081542969
70.85313415527344
71.32059478759766
72.24856567382812
71.3903579711914
71.1252212524414
70.94381713867188
71.30663299560547
71.09033966064453
70.69263458251953
71.20198059082031
70.95777893066406
70.17631530761719
69.91819763183594
70.4205093383789
71.46713256835938
71.78108978271484
72.64625549316406
70.65777587890625
71.34154510498047
69.37396240234375
68.66926574707031
69.42280578613281
68.2646255493164
68.40412902832031
68.16692352294922
69.51350402832031
69.75772094726562
69.22745513916016
68.92044830322266
69.06000518798828
71.2717514038086
70.65777587890625
71.80899047851562
71.48107147216797
70.65777587890625
71.32757568359375
71.2927017211914
71.35547637939453
72.548583984375
71.89273071289062
71.2717514038086
70.3228530883789
70.52519226074219
70.7205581665039
71.02059173583984
71.35547637939453
71.07638549804688
70.67871856689453
70.2321548461914
70.30890655517578
70.60196685791016
69.7158432006836
72.43695068359375
73.08582305908203
74.29285430908203
73.53234100341797
73.53234100341797
73.10675811767578
74.55101776123047
74.8580093383789
75.10221099853516
75.20686340332031
74.40449523925781
74.36962127685547
76.02320098876953
76.35440826416016
76.19232177734375
76.95342254638672
77.64403533935547
77.9541015625
78.22188568115234
78.22188568115234
77.86953735351562
77.05207061767578
78.61651611328125
79.83565521240234
79.63127136230469
79.80744934082031
79.46214294433594
80.64604187011719
81.16046905517578
81.61146545410156
82.55579376220703
82.74604034423828
81.71720123291016
82.48533630371094
83.21116638183594
82.90814971923828
83.11953735351562
83.09135437011719
83.6974105834961
83.45075988769531
83.30982208251953
83.09135437011719
83.0279312133789
82.94336700439453
83.049072265625
83.0279312133789
82.66852569580078
82.33734130859375
81.63262176513672
81.01248931884766
81.69607543945312
81.85813903808594
82.0131607055664
81.94271850585938
81.70307922363281
81.44941711425781
81.46350860595703
81.31549835205078
82.00613403320312
82.61919403076172
82.13296508789062
80.18800354003906
78.79972839355469
78.4685287475586
78.22188568115234
79.07456970214844
80.03295135498047
79.61719512939453
78.4966812133789
78.630615234375
79.10980224609375
79.66651153564453
80.27255249023438
80.05199432373047
80.08757019042969
78.74293518066406
78.49394226074219
79.48284149169922
78.5295181274414
78.9848403930664
78.34453582763672
79.50419616699219
80.03778076171875
81.01959228515625
80.64964294433594
80.7847900390625
80.51445770263672
79.546875
77.98169708251953
78.2876205444336
78.69313049316406
77.79669952392578
76.3809585571289
77.46232604980469
76.73664855957031
76.60861206054688
76.59439849853516
76.8647232055664
77.11372375488281
76.74378967285156
76.82916259765625
75.61257934570312
76.24576568603516
76.88607025146484
76.67975616455078
76.38805389404297
76.69398498535156
77.30583190917969
77.29159545898438
77.7540283203125
77.4480972290039
77.85362243652344
77.52637481689453
77.52637481689453
75.48451232910156
75.5343017578125
75.1856918334961
74.15410614013672
74.6165542602539
74.62366485595703
75.36357116699219
75.93272399902344
75.47029876708984
75.03633117675781
75.91139221191406
75.3564682006836
74.95804595947266
75.92562866210938
74.56675720214844
75.26397705078125
75.89714813232422
74.75885009765625
75.76909637451172
75.56278228759766
75.3849105834961
76.0180892944336
76.30268096923828
75.2462158203125
75.58399963378906
76.55422973632812
76.26673126220703
76.37456512451172
76.33861541748047
75.54087829589844
75.26057434082031
74.78624725341797
74.36943054199219
74.93718719482422
74.10353088378906
74.16101837158203
74.8653335571289
74.5778579711914
74.74313354492188
76.46796417236328
77.64659881591797
77.7113037109375
76.6117172241211
76.41766357421875
77.8694076538086
77.22976684570312
76.52548217773438
75.09529113769531
75.06654357910156
75.46180725097656
74.84375
74.79344940185547
74.94438934326172
74.82939910888672
74.98030853271484
76.3961181640625
75.18872833251953
74.6137924194336
74.37659454345703
74.05320739746094
74.11071014404297
74.6640853881836
74.83656311035156
75.05934143066406
74.89407348632812
74.54190063476562
75.07373046875
75.19590759277344
74.20411682128906
74.16818237304688
75.02342224121094
75.54805755615234
76.25955963134766
77.70411682128906
78.47310638427734
79.61580657958984
79.38583374023438
78.64558410644531
79.13428497314453
78.89713287353516
79.30677032470703
79.69486236572266
79.13428497314453
78.50186157226562
78.12812042236328
78.02753448486328
77.55567169189453
76.88785552978516
77.29435729980469
76.7862319946289
77.20724487304688
77.38874053955078
77.99122619628906
78.564697265625
78.22351837158203
78.29609680175781
78.20174407958984
78.12189483642578
78.94943237304688
79.44303131103516
81.14889526367188
81.15616607666016
80.41573333740234
81.6788101196289
81.65705108642578
82.88383483886719
83.07982635498047
83.21045684814453
83.61699676513672
84.4517822265625
84.47355651855469
84.54615020751953
85.14137268066406
85.64952087402344
85.30835723876953
85.25753021240234
85.38094329833984
85.2938232421875
85.24301147460938
85.52611541748047
85.35189056396484
86.07781219482422
84.95267486572266
85.4462661743164
86.23750305175781
86.62223052978516
86.48430633544922
86.49884033203125
87.20297241210938
87.26830291748047
85.76567840576172
85.80197143554688
86.12136840820312
86.33187866210938
86.54964447021484
85.9761962890625
85.9761962890625
82.41924285888672
83.03627014160156
84.12511444091797
84.13237762451172
83.71861267089844
83.47183227539062
84.95992279052734
85.10509490966797
84.69132995605469
85.10509490966797
85.06153869628906
85.09783172607422
84.87281799316406
84.53163146972656
83.94546508789062
84.04804229736328
84.05538177490234
84.38509368896484
84.92729949951172
85.36688995361328
84.69281768798828
85.32293701171875
85.8578109741211
87.18399810791016
87.56502532958984
88.53948974609375
88.20977783203125
87.6382827758789
87.65292358398438
87.86540985107422
88.23175811767578
87.6895523071289
87.87274169921875
87.57965850830078
87.72621154785156
87.7042236328125
87.80677795410156
88.57614135742188
91.4556655883789
91.57286834716797
92.30557250976562
91.99051666259766
92.01250457763672
91.72675323486328
