21.634037017822266
21.421344757080078
21.436304092407227
21.559484481811523
21.935745239257812
22.197311401367188
21.937742233276367
21.742502212524414
21.86767578125
21.818803787231445
22.09832000732422
22.45663070678711
22.458126068115234
22.0606689453125
21.965667724609375
21.687896728515625
21.59838104248047
21.784143447875977
21.869421005249023
21.951704025268555
22.138965606689453
22.000078201293945
22.10280990600586
22.278846740722656
22.56808853149414
22.57183074951172
22.590530395507812
22.945850372314453
23.01466941833496
23.056806564331055
22.930139541625977
22.90370750427246
22.70747184753418
22.356393814086914
22.70797348022461
22.535924911499023
22.51348114013672
22.134475708007812
22.075878143310547
21.999080657958984
22.214765548706055
22.13572120666504
22.54639434814453
22.60499382019043
22.565845489501953
22.35564613342285
22.208032608032227
22.258150100708008
22.202051162719727
22.079870223999023
21.97364616394043
21.688396453857422
21.4353084564209
21.36673927307129
21.584665298461914
21.578933715820312
21.67642593383789
21.785640716552734
21.6983699798584
21.603116989135742
21.19818115234375
21.15828514099121
21.329835891723633
21.117141723632812
21.45326042175293
21.733776092529297
21.931507110595703
21.9320068359375
22.14320182800293
22.158662796020508
22.34617042541504
22.268123626708984
22.168636322021484
22.135971069335938
22.094829559326172
22.523954391479492
22.401025772094727
22.518718719482422
22.10455322265625
22.113033294677734
21.873411178588867
21.896848678588867
21.85246467590332
21.840497970581055
22.117021560668945
22.141706466674805
21.844982147216797
21.751731872558594
21.586910247802734
21.28594970703125
21.34055519104004
21.649248123168945
21.742752075195312
21.845483779907227
21.992599487304688
22.39204978942871
22.16165542602539
25.219139099121094
25.016921997070312
25.109174728393555
25.717832565307617
25.571714401245117
25.313640594482422
25.308652877807617
25.838268280029297
25.693145751953125
25.69713592529297
25.608869552612305
25.58568000793457
25.471227645874023
25.50189781188965
25.13286590576172
25.33433723449707
25.19869041442871
25.228364944458008
25.7442626953125
25.81308364868164
25.771442413330078
25.721324920654297
25.56298828125
25.49092674255371
25.78415870666504
25.729801177978516
26.07988166809082
26.391067504882812
26.50826072692871
26.420488357543945
26.293073654174805
26.262653350830078
26.385334014892578
26.36438751220703
26.676816940307617
26.883026123046875
27.04560089111328
26.861833572387695
26.67906379699707
26.450408935546875
26.754364013671875
26.67656707763672
27.047847747802734
27.084501266479492
27.443559646606445
27.804611206054688
27.723325729370117
27.86345672607422
27.88689422607422
27.663978576660156
27.944494247436523
27.755239486694336
27.552770614624023
27.85996437072754
28.397058486938477
28.456153869628906
28.1821231842041
28.180627822875977
28.0010986328125
28.659868240356445
28.640419006347656
28.829923629760742
28.688045501708984
29.016435623168945
29.049348831176758
28.92667007446289
28.02229118347168
27.45876693725586
28.00184440612793
27.600645065307617
28.31053352355957
29.447057723999023
28.26166343688965
28.37960433959961
28.505273818969727
28.923179626464844
29.359037399291992
29.24658203125
29.67670440673828
29.58968162536621
29.919069290161133
29.991378784179688
30.19285011291504
29.979907989501953
30.024044036865234
30.016063690185547
30.233495712280273
30.42025375366211
30.42449378967285
30.400556564331055
30.311790466308594
29.988636016845703
30.293336868286133
30.376867294311523
30.41053009033203
30.290346145629883
30.210058212280273
29.92131233215332
30.103586196899414
29.64877700805664
29.24333953857422
29.724578857421875
30.20232582092285
29.902860641479492
29.85074806213379
29.498672485351562
28.872560501098633
28.89225959777832
28.22525978088379
27.78416633605957
27.930532455444336
27.789899826049805
28.29806900024414
28.30330467224121
28.47178840637207
27.164030075073242
26.933862686157227
27.77481460571289
28.24959373474121
27.235769271850586
26.790882110595703
27.161537170410156
27.335905075073242
28.09316062927246
27.068872451782227
26.871089935302734
27.176483154296875
26.778425216674805
26.62548065185547
26.060529708862305
26.054548263549805
26.719636917114258
26.647401809692383
26.829240798950195
26.597084045410156
26.669818878173828
26.03412437438965
25.80644989013672
25.91455841064453
26.235891342163086
26.824256896972656
26.979196548461914
26.623987197875977
26.36043930053711
26.319589614868164
26.844186782836914
26.921907424926758
27.385725021362305
27.672183990478516
28.088178634643555
28.639678955078125
28.419475555419922
28.424957275390625
28.479259490966797
28.115079879760742
27.625356674194336
27.58799171447754
28.144474029541016
28.199275970458984
28.433425903320312
28.312366485595703
28.272510528564453
27.87395477294922
27.916301727294922
27.515254974365234
27.43155860900879
27.931745529174805
28.147462844848633
28.22368812561035
28.61078453063965
28.52359962463379
29.1906795501709
29.132892608642578
29.178726196289062
29.12790870666504
29.467676162719727
29.43230628967285
29.546890258789062
29.431310653686523
28.815542221069336
29.062644958496094
28.897245407104492
29.226551055908203
29.605676651000977
29.545894622802734
29.424333572387695
28.936105728149414
30.146217346191406
29.813922882080078
30.069496154785156
30.150203704833984
30.041595458984375
29.79598617553711
29.842819213867188
29.590234756469727
29.66446304321289
28.872835159301758
28.57640838623047
29.008342742919922
28.553491592407227
28.62074851989746
28.487232208251953
28.79262351989746
28.758249282836914
28.502676010131836
29.12242889404297
29.12691307067871
29.080080032348633
29.527957916259766
29.747661590576172
29.6629695892334
29.514009475708008
29.519989013671875
29.421842575073242
29.299785614013672
29.044710159301758
28.911195755004883
29.01282501220703
29.325193405151367
29.36953353881836
29.54987907409668
29.781042098999023
29.97284507751465
29.49159049987793
29.563827514648438
29.448745727539062
29.139368057250977
28.97695541381836
29.332664489746094
29.55735206604004
29.755632400512695
30.16066551208496
29.755632400512695
29.452234268188477
29.812925338745117
29.15680503845215
29.28882598876953
29.28434181213379
29.314233779907227
28.876819610595703
28.93909454345703
29.206623077392578
29.282846450805664
28.601316452026367
29.08157730102539
28.437414169311523
27.65923309326172
27.139118194580078
27.335407257080078
26.938846588134766
26.749034881591797
26.054054260253906
26.52285385131836
26.804330825805664
27.03649139404297
27.58251190185547
27.345869064331055
27.394691467285156
27.84605598449707
27.821643829345703
27.912317276000977
28.290943145751953
28.08668327331543
28.107606887817383
27.69709587097168
27.484865188598633
27.49134063720703
27.810686111450195
27.963130950927734
27.81167984008789
27.721508026123047
27.65923309326172
27.2332763671875
27.127161026000977
27.26117706298828
27.08979606628418
27.195913314819336
27.27512550354004
27.3623104095459
27.287578582763672
27.354835510253906
26.885040283203125
26.832231521606445
26.751522064208984
27.031009674072266
26.308629989624023
26.440650939941406
26.70867919921875
26.306636810302734
26.509401321411133
25.98131561279297
25.698837280273438
24.818031311035156
25.231035232543945
25.6380615234375
25.908082962036133
26.51886558532715
26.841197967529297
26.749530792236328
26.97820281982422
26.768461227416992
26.667329788208008
26.437162399291992
26.381864547729492
25.87918472290039
25.240501403808594
25.166271209716797
25.253952026367188
24.94556999206543
24.76323127746582
24.999374389648438
25.205127716064453
25.10947608947754
25.43081283569336
25.404903411865234
25.925518035888672
26.767963409423828
26.999624252319336
26.739070892333984
25.96537208557129
25.52895736694336
25.56881332397461
26.780420303344727
26.513885498046875
26.568687438964844
26.20998764038086
26.39581298828125
26.597583770751953
26.3684139251709
26.910446166992188
26.80283546447754
27.20189094543457
27.45846176147461
27.152070999145508
27.03449821472168
27.223812103271484
26.992149353027344
26.653379440307617
26.835222244262695
27.26765251159668
27.863492965698242
28.029890060424805
28.64715003967285
28.834970474243164
28.812053680419922
28.966495513916016
28.541534423828125
28.601316452026367
27.89139175415039
27.68414306640625
27.9571533203125
27.550128936767578
27.98056983947754
27.779796600341797
28.205751419067383
28.081703186035156
28.145469665527344
28.16639518737793
28.77269744873047
28.247600555419922
28.08020782470703
27.776805877685547
27.955657958984375
27.634822845458984
27.375263214111328
26.96773910522461
27.09926414489746
27.14459991455078
27.342878341674805
27.302026748657227
27.327932357788086
27.332914352416992
26.891517639160156
26.954288482666016
27.077842712402344
26.540786743164062
27.128158569335938
27.047948837280273
27.359817504882812
27.772321701049805
28.57939910888672
28.203760147094727
28.116575241088867
27.96811294555664
27.339391708374023
27.45846176147461
27.542158126831055
27.053926467895508
26.657365798950195
27.004106521606445
27.348360061645508
27.190431594848633
26.839204788208008
26.877071380615234
27.36081314086914
27.22580337524414
27.234771728515625
27.36480140686035
27.525714874267578
27.739940643310547
27.625852584838867
27.260679244995117
27.612401962280273
27.60891342163086
27.167516708374023
27.361312866210938
27.597455978393555
27.664215087890625
27.484865188598633
27.377256393432617
27.075847625732422
27.010086059570312
27.53019905090332
27.402664184570312
27.274627685546875
27.05193519592285
27.145095825195312
27.231285095214844
27.708555221557617
27.775310516357422
27.88292121887207
28.067750930786133
27.82762336730957
27.79673194885254
27.553117752075195
26.964750289916992
26.904470443725586
27.06688117980957
27.268150329589844
27.182462692260742
27.402164459228516
26.987167358398438
27.134136199951172
27.705066680908203
28.483245849609375
29.103496551513672
29.09253692626953
29.98031997680664
34.85464859008789
34.51687240600586
34.64192199707031
34.62946319580078
33.61464309692383
32.62024688720703
32.79461669921875
32.863868713378906
32.95204544067383
33.10798263549805
32.756256103515625
33.11595153808594
32.94457244873047
33.542903900146484
33.386470794677734
33.09951400756836
33.03723907470703
34.39033126831055
34.4486198425293
34.20151901245117
34.343997955322266
34.58014678955078
34.31211853027344
34.576656341552734
33.85128402709961
32.08518981933594
30.793869018554688
30.512889862060547
32.86785125732422
33.277366638183594
32.865360260009766
32.27400588989258
31.364301681518555
32.1290283203125
31.737449645996094
31.334409713745117
32.07771682739258
32.05430221557617
32.43641662597656
32.64665222167969
32.50566482543945
33.13338851928711
33.15580749511719
33.462196350097656
32.926639556884766
33.22854232788086
32.542030334472656
32.5465202331543
32.62722396850586
31.891889572143555
31.099760055541992
31.01805877685547
31.803211212158203
31.98405647277832
32.7308464050293
33.46269226074219
33.4607048034668
33.378997802734375
33.22954177856445
33.44077682495117
33.699337005615234
34.03512191772461
33.897621154785156
34.52584457397461
34.64042663574219
34.871089935302734
33.877193450927734
33.46867370605469
33.93398666381836
35.83658981323242
36.42395782470703
36.50865173339844
36.712913513183594
37.10798263549805
36.736324310302734
37.251956939697266
37.305763244628906
37.629093170166016
37.8961296081543
37.94245910644531
37.60218811035156
37.776058197021484
38.124298095703125
37.68987274169922
36.869842529296875
37.385475158691406
37.16427993774414
37.86323928833008
37.8597526550293
38.70967483520508
38.694725036621094
38.34250259399414
38.324073791503906
38.45907974243164
38.00473403930664
39.04794692993164
38.75202178955078
38.27126693725586
38.81977462768555
38.50990295410156
38.61701202392578
37.98978042602539
37.8647346496582
37.385475158691406
37.98928451538086
37.86722946166992
38.689247131347656
38.35246658325195
37.705814361572266
37.90260314941406
38.21795654296875
38.286705017089844
38.153690338134766
38.970726013183594
39.55461502075195
39.37227249145508
38.75999450683594
37.83484649658203
37.93897247314453
37.829368591308594
36.91617202758789
36.41349792480469
36.5211067199707
37.132389068603516
35.84854507446289
36.437408447265625
35.39618682861328
35.824134826660156
35.79823303222656
36.20226287841797
37.138370513916016
36.54850769042969
36.55697250366211
35.74940490722656
37.27985763549805
37.93000030517578
38.39929962158203
38.90446853637695
37.33366775512695
36.369659423828125
35.0609016418457
35.08082962036133
34.92439651489258
35.214839935302734
35.190433502197266
35.21683883666992
35.75239562988281
36.46630859375
35.745914459228516
35.9750862121582
36.320831298828125
35.73495864868164
35.91480255126953
36.32432174682617
36.112091064453125
35.73147201538086
36.97446823120117
36.840450286865234
36.44737243652344
36.37912368774414
35.511268615722656
35.54763412475586
36.13949203491211
36.47627639770508
37.10897445678711
37.37651062011719
37.392948150634766
37.73122024536133
37.787017822265625
37.634071350097656
37.97035598754883
37.865234375
37.74118423461914
37.60567855834961
37.527957916259766
38.15617752075195
38.27824020385742
38.00722122192383
38.34450149536133
38.117820739746094
37.79150390625
38.26478958129883
37.86872482299805
37.83633804321289
37.74018478393555
38.077964782714844
38.456092834472656
38.62946701049805
38.859134674072266
39.24174499511719
38.67230987548828
38.606048583984375
38.859134674072266
36.7552604675293
36.97645568847656
36.13750076293945
35.94270706176758
35.12566375732422
35.26615905761719
35.59148025512695
35.2940559387207
35.440025329589844
35.606422424316406
36.12803268432617
36.3248176574707
36.835472106933594
36.395565032958984
36.272010803222656
36.110599517822266
36.38311004638672
35.879432678222656
35.95864486694336
35.63631057739258
35.95515823364258
35.73296356201172
36.51911926269531
36.77170181274414
36.713409423828125
37.2449836730957
37.3072624206543
37.2878303527832
37.07908248901367
36.660099029541016
36.37114715576172
36.42246627807617
37.012325286865234
36.99190139770508
36.52708435058594
36.46182632446289
36.53007507324219
36.477264404296875
36.08169937133789
35.0853157043457
35.17897415161133
35.31597900390625
35.39518737792969
35.61439514160156
34.13624954223633
33.93398666381836
34.43815994262695
34.633949279785156
35.049442291259766
35.38422775268555
35.11719512939453
35.32046127319336
35.235267639160156
35.75936508178711
36.228668212890625
36.49320983886719
36.342254638671875
36.65711212158203
36.64864730834961
37.52397155761719
37.5344352722168
37.71726989746094
37.584251403808594
37.826873779296875
37.739192962646484
37.745670318603516
37.96088790893555
38.153690338134766
39.42408752441406
39.90235137939453
39.86149597167969
39.80171203613281
39.71851348876953
40.200767517089844
40.11608123779297
40.22816848754883
40.27848815917969
40.2640380859375
40.206748962402344
40.15244674682617
39.9148063659668
40.12554168701172
39.99252700805664
39.838077545166016
39.70357131958008
39.68563461303711
39.536678314208984
39.422088623046875
39.51774597167969
39.64727783203125
39.452980041503906
39.349853515625
39.42707443237305
39.6995849609375
40.25507354736328
40.253578186035156
39.997005462646484
39.28160095214844
39.79673767089844
39.293556213378906
39.38024139404297
39.91680145263672
39.75438690185547
39.625850677490234
39.84455490112305
40.10611343383789
40.65013885498047
40.60082244873047
39.9875373840332
40.390079498291016
40.3567008972168
39.98704528808594
40.05778503417969
39.87445068359375
39.99451446533203
39.91680145263672
40.00896453857422
39.890892028808594
40.56146240234375
40.33229446411133
40.441898345947266
40.05878448486328
40.084686279296875
40.1962890625
40.92613983154297
41.19267272949219
40.9331169128418
41.05417251586914
41.63606643676758
41.277862548828125
40.9565315246582
40.719886779785156
40.82999038696289
40.348731994628906
40.1285285949707
39.27861785888672
38.968238830566406
38.91393280029297
39.95665740966797
40.452354431152344
40.13400650024414
38.87358093261719
38.4481201171875
37.524967193603516
38.618003845214844
38.85813522338867
39.166019439697266
38.65835952758789
39.0982666015625
39.10823059082031
38.8093147277832
38.87059020996094
39.147586822509766
39.32942581176758
38.65387725830078
38.07846450805664
38.08494186401367
38.77045822143555
38.668819427490234
39.430564880371094
39.614891052246094
40.32631301879883
40.24909591674805
40.619747161865234
40.74679183959961
40.635196685791016
40.34574508666992
40.47826385498047
40.612770080566406
40.463314056396484
40.337772369384766
40.244110107421875
40.350223541259766
40.08319854736328
39.999000549316406
39.47938537597656
40.254573822021484
40.242618560791016
40.50416946411133
41.11146545410156
41.20961380004883
41.15132141113281
41.3431282043457
41.32668685913086
41.396934509277344
41.22356033325195
41.30127716064453
41.069618225097656
41.258934020996094
42.06899642944336
42.32307815551758
42.76746368408203
42.69422912597656
42.09888458251953
41.04271697998047
40.86137390136719
40.61477279663086
40.765220642089844
40.8583869934082
40.9326171875
41.31174087524414
41.344120025634766
41.35308837890625
41.59172821044922
41.796485900878906
41.849788665771484
41.71478271484375
41.95640563964844
42.17461395263672
42.31012725830078
42.41424560546875
42.39631271362305
42.23738479614258
42.330055236816406
42.09390640258789
42.68277359008789
42.339019775390625
42.300655364990234
42.21048355102539
42.40378189086914
42.52783203125
42.7370719909668
42.91493225097656
43.07285690307617
43.139122009277344
43.262664794921875
43.34288024902344
43.4609489440918
43.2387580871582
42.35346603393555
42.33652877807617
41.83086013793945
41.60617446899414
41.77406311035156
41.87968444824219
42.34001541137695
42.32058334350586
42.23688888549805
42.68277359008789
42.474525451660156
42.29218673706055
42.10237503051758
41.95291519165039
41.932987213134766
41.84231948852539
41.92103576660156
41.857261657714844
42.60206604003906
42.54527282714844
42.670814514160156
42.84867477416992
42.7923698425293
43.78776168823242
44.28147506713867
44.29642105102539
44.41100311279297
46.05903625488281
46.472530364990234
46.68526077270508
47.25121307373047
47.56357955932617
47.34238052368164
47.76136016845703
47.662715911865234
47.569557189941406
47.621864318847656
47.584503173828125
47.78776550292969
48.05629348754883
46.93834686279297
47.35334014892578
47.560089111328125
48.02939224243164
48.35221862792969
48.70394515991211
49.41386795043945
49.48411560058594
49.62859344482422
49.17623519897461
49.236019134521484
49.6260986328125
50.012699127197266
49.65399932861328
49.89413070678711
50.03262710571289
48.33079528808594
47.91679763793945
48.349727630615234
48.22169494628906
47.83559036254883
47.75787353515625
48.58488082885742
48.27450180053711
48.75276565551758
48.65462875366211
49.12641525268555
48.42893981933594
47.233272552490234
47.8769416809082
46.72163009643555
46.31610107421875
45.806941986083984
46.44463348388672
46.216957092285156
46.87059020996094
47.37825012207031
47.504295349121094
48.2082405090332
48.26752853393555
48.669071197509766
48.621742248535156
49.16925811767578
49.45920944213867
49.4303092956543
49.512516021728516
49.73521041870117
48.276493072509766
48.091163635253906
47.45347595214844
47.74342727661133
47.104244232177734
47.15705108642578
47.21085739135742
46.84518051147461
47.11869430541992
47.116695404052734
47.038978576660156
46.83422088623047
46.01270294189453
46.33652877807617
46.77692794799805
46.734580993652344
47.042964935302734
46.2154655456543
46.14173126220703
45.87718963623047
46.85016632080078
46.95877456665039
46.67530059814453
46.356956481933594
46.23888397216797
46.618499755859375
47.01108169555664
47.58948516845703
47.42757034301758
46.903968811035156
46.93087387084961
47.32294845581055
46.90047836303711
46.994140625
47.161537170410156
47.35034942626953
46.83671188354492
46.595584869384766
46.31958770751953
46.67380142211914
47.205875396728516
47.20637130737305
46.992645263671875
46.54526901245117
46.70219802856445
47.82164001464844
48.066261291503906
48.51014709472656
48.19877624511719
48.428443908691406
48.164398193359375
49.081573486328125
49.5025520324707
49.4362907409668
49.21160125732422
50.10088348388672
50.10088348388672
50.21147918701172
50.28520965576172
50.367408752441406
50.454097747802734
49.91107177734375
50.071983337402344
49.09901428222656
49.24597930908203
49.393943786621094
49.39194869995117
51.496822357177734
51.46992111206055
51.46543502807617
51.94171142578125
51.96013641357422
52.309871673583984
51.94569396972656
52.42943572998047
52.7233772277832
52.19678497314453
52.0189323425293
51.87196350097656
51.89387893676758
51.63332748413086
52.23414993286133
51.60741424560547
51.546142578125
52.325313568115234
52.40602493286133
52.63519287109375
53.40689468383789
52.97247314453125
51.68164825439453
51.62136459350586
51.06837844848633
50.41075134277344
50.795860290527344
51.449493408203125
52.03984832763672
52.279483795166016
52.408512115478516
52.249088287353516
52.37961959838867
52.68252182006836
53.406394958496094
54.05853271484375
53.79399490356445
53.4841194152832
53.34910583496094
53.249961853027344
53.100006103515625
52.81852722167969
52.6068000793457
52.47975540161133
