60.37200927734375
58.79154586791992
57.61771774291992
59.27488327026367
60.41035842895508
59.63546371459961
59.54342269897461
58.61505889892578
58.71482467651367
58.76084899902344
58.41558837890625
59.22117233276367
58.254512786865234
56.67402648925781
56.63566207885742
56.39783477783203
56.881187438964844
58.054988861083984
58.51534652709961
59.43599319458008
58.975685119628906
59.3132209777832
59.63546371459961
60.06511688232422
60.77861404418945
61.146873474121094
60.916725158691406
61.26963424682617
61.791316986083984
61.68394470214844
61.545833587646484
61.71458053588867
61.39237594604492
61.292659759521484
61.377044677734375
61.52280807495117
61.58420181274414
60.6021614074707
60.41035842895508
60.35664367675781
60.302955627441406
60.632835388183594
60.3336296081543
61.553504943847656
61.11616897583008
61.4154052734375
60.47940444946289
61.40773010253906
60.58679962158203
60.76326370239258
60.94739532470703
59.41298294067383
57.64837646484375
57.832523345947266
57.70209884643555
56.99626541137695
56.56663131713867
56.77377700805664
56.68938446044922
57.870872497558594
56.86582565307617
57.56400680541992
57.57932662963867
57.149715423583984
56.99544906616211
57.18056106567383
56.293601989746094
56.069942474365234
56.748653411865234
57.53531265258789
57.87467956542969
58.152339935302734
57.92866897583008
58.26030731201172
58.46083068847656
59.67168045043945
60.550926208496094
59.386329650878906
58.545654296875
58.64593505859375
58.24485778808594
58.66908264160156
58.58420944213867
58.4993782043457
58.81559753417969
58.86186599731445
58.522518157958984
58.44540786743164
57.944087982177734
57.280818939208984
57.18056106567383
58.23716354370117
58.86186599731445
58.88499069213867
57.982635498046875
57.79755783081055
58.4145622253418
57.60472106933594
57.55073547363281
57.73585891723633
57.905540466308594
59.216670989990234
58.807899475097656
58.66135025024414
59.771942138671875
60.065032958984375
60.07273864746094
59.37862014770508
59.386329650878906
59.11637878417969
58.938995361328125
58.3759651184082
58.21399688720703
58.12920379638672
58.75392532348633
59.84907913208008
60.8825569152832
61.72322463989258
61.445579528808594
61.99313735961914
61.50727844238281
61.56895446777344
61.067649841308594
61.50727844238281
61.97000503540039
62.209110260009766
62.21681213378906
61.52268981933594
61.00342559814453
60.76314163208008
60.87162780761719
61.879215240478516
61.69318389892578
60.9259147644043
61.228153228759766
60.86391067504883
61.23595428466797
61.305694580078125
60.93366622924805
62.041961669921875
61.9644775390625
62.03422546386719
62.437225341796875
62.49925231933594
63.20452880859375
63.2742805480957
63.50680160522461
63.81679916381836
63.56877517700195
63.46804428100586
62.855770111083984
63.165794372558594
63.49903106689453
63.22003936767578
63.5610466003418
62.7550048828125
62.786006927490234
62.83250045776367
62.979759216308594
62.778289794921875
62.359718322753906
62.158206939697266
62.189231872558594
61.35219192504883
61.181678771972656
60.87162780761719
59.430076599121094
59.62385559082031
59.561851501464844
58.197750091552734
58.10475540161133
58.32954406738281
59.02709197998047
59.251834869384766
59.2208251953125
59.44559860229492
59.89510726928711
60.1353874206543
60.39888000488281
60.11988830566406
59.251834869384766
60.050113677978516
60.25163269042969
60.352386474609375
62.76277160644531
63.32080841064453
63.53005599975586
63.576560974121094
63.553306579589844
64.22758483886719
64.25857543945312
63.87104034423828
63.97956085205078
63.69279861450195
63.365421295166016
62.79636764526367
61.424476623535156
61.876556396484375
62.032474517822266
62.21955108642578
62.165000915527344
62.430023193359375
62.6872444152832
62.0948371887207
61.94672775268555
61.47904586791992
61.330928802490234
61.36208724975586
61.68168258666992
61.876556396484375
62.320899963378906
61.89216995239258
61.36208724975586
60.12268829345703
60.107086181640625
60.613800048828125
59.849891662597656
59.008018493652344
59.218475341796875
59.156124114990234
59.69398880004883
60.09152603149414
60.769683837890625
62.102638244628906
61.206172943115234
62.18057632446289
61.876556396484375
62.492374420166016
61.98569107055664
61.9779052734375
61.83760070800781
61.89216995239258
61.3387336730957
60.3487663269043
60.08374786376953
60.060367584228516
60.57481384277344
61.0113410949707
60.23183822631836
59.48350524902344
59.428955078125
60.30198287963867
59.63163375854492
60.769683837890625
60.86323547363281
61.40888595581055
61.72066879272461
62.11820983886719
62.11042785644531
62.28190231323242
62.53916549682617
63.01462173461914
63.24987030029297
63.147918701171875
63.022457122802734
63.22633361816406
63.202823638916016
63.30475616455078
62.5755615234375
61.4935417175293
61.21129608154297
61.86207580566406
62.7402229309082
63.28122329711914
63.069515228271484
62.85782241821289
63.22633361816406
63.061702728271484
63.14009475708008
63.31260299682617
63.61050796508789
63.47723388671875
64.15152740478516
64.27698516845703
64.33186340332031
63.83790588378906
63.320438385009766
63.29694366455078
62.25410461425781
62.418766021728516
62.3011474609375
62.61476135253906
62.45796585083008
62.3717155456543
62.78725814819336
62.4971923828125
63.147918701171875
63.524288177490234
63.665409088134766
63.532108306884766
63.5634765625
63.49293518066406
64.10450744628906
63.39098358154297
62.52853012084961
62.74806213378906
62.74806213378906
63.132232666015625
63.09304428100586
64.62980651855469
64.98262786865234
65.01398468017578
65.1707992553711
65.75098419189453
65.61770629882812
65.53929138183594
69.17735290527344
71.15316772460938
71.46678161621094
71.37267303466797
71.5059814453125
71.84312438964844
72.03129577636719
72.5331039428711
73.30928802490234
71.82784271240234
70.13359069824219
70.866455078125
72.19033813476562
71.56778717041016
70.07844543457031
70.33060455322266
70.30696868896484
70.00749969482422
70.43304443359375
71.13436889648438
71.88301086425781
72.56857299804688
72.76557159423828
72.41095733642578
72.09576416015625
73.3014144897461
72.4188461303711
73.15958404541016
73.19110870361328
72.29275512695312
71.72538757324219
72.68680572509766
73.71121215820312
73.49056243896484
72.8680191040039
74.14460754394531
73.34083557128906
72.93106842041016
71.39441680908203
71.00041198730469
69.22736358642578
70.0390625
71.11075592041016
72.37947082519531
74.23126220703125
73.5535888671875
74.70407104492188
74.85382843017578
75.2320785522461
76.11463928222656
75.9806900024414
76.84750366210938
76.84750366210938
75.72067260742188
75.61820220947266
75.47635650634766
76.666259765625
76.949951171875
77.3518295288086
77.3360595703125
77.61186981201172
78.0137710571289
77.41490173339844
77.24940490722656
75.63394165039062
76.20133972167969
76.88692474365234
77.44641876220703
77.54098510742188
76.44562530517578
76.98937225341797
78.32901000976562
77.9192123413086
77.7212905883789
78.06171417236328
78.3467788696289
78.89311218261719
79.51860046386719
78.89311218261719
78.33885955810547
79.39192962646484
79.00398254394531
79.21775817871094
76.85033416748047
78.33885955810547
79.7086410522461
80.70629119873047
81.9493637084961
82.15523529052734
81.99690246582031
82.14733123779297
82.76493072509766
82.55905151367188
83.11331939697266
81.8939437866211
80.17578887939453
79.93034362792969
82.669921875
84.49893188476562
83.04995727539062
82.67780303955078
82.13148498535156
81.26847076416016
79.97784423828125
82.44026947021484
81.75142669677734
81.97312927246094
83.98426818847656
83.43001556396484
84.2138900756836
83.26374816894531
82.93119049072266
85.21154022216797
82.67780303955078
82.68576049804688
84.91064453125
85.8370361328125
86.2962646484375
86.33584594726562
85.78160095214844
87.62644958496094
87.3414077758789
88.80622100830078
88.5924301147461
88.67953491210938
88.67161560058594
87.84024047851562
88.86953735351562
88.90125274658203
92.44046783447266
92.09210205078125
91.35574340820312
90.85693359375
91.94166564941406
91.9020767211914
90.86483764648438
91.7753677368164
90.61937713623047
91.25282287597656
89.5815200805664
89.98741149902344
92.39885711669922
91.38018035888672
92.71717834472656
91.98501586914062
92.38289642333984
91.65074157714844
93.50509643554688
92.37496948242188
92.43864440917969
90.47286987304688
89.43029022216797
90.61614227294922
91.22894287109375
90.41714477539062
90.03514862060547
91.15731048583984
91.48362731933594
90.96630859375
91.99295043945312
91.18119049072266
91.71440887451172
91.07771301269531
90.76737213134766
90.28984832763672
90.22615814208984
89.21543884277344
89.82025146484375
90.06700134277344
89.92374420166016
90.69570922851562
90.48878479003906
88.6503677368164
88.00570678710938
86.51747131347656
85.14067077636719
87.18599700927734
87.59188842773438
86.00016021728516
86.19912719726562
87.57595825195312
89.50989532470703
89.05625915527344
89.54969024658203
88.49118041992188
89.08808898925781
90.21027374267578
90.99019622802734
89.40644073486328
89.21543884277344
89.14379119873047
89.26317596435547
88.28426361083984
89.26317596435547
89.28706359863281
88.67420196533203
88.87318420410156
89.28124237060547
90.5373764038086
89.17724609375
88.30516815185547
87.95313262939453
87.6330795288086
88.79322052001953
89.04122161865234
88.48917388916016
88.01712036132812
88.1931381225586
88.38516235351562
89.48928833007812
89.95331573486328
90.46536254882812
90.55338287353516
89.88931274414062
89.80130004882812
90.08934020996094
88.44117736816406
88.9132080078125
89.66529846191406
89.20122528076172
89.06521606445312
89.92932891845703
88.80919647216797
89.11322784423828
90.48938751220703
91.92952728271484
92.29756164550781
92.47358703613281
91.79351043701172
91.5854721069336
90.7374038696289
91.09745025634766
91.92952728271484
91.6814956665039
90.88141632080078
90.46536254882812
91.88152313232422
93.10565185546875
93.17765808105469
93.63370513916016
93.52169799804688
94.03374481201172
94.40982055664062
93.25765991210938
93.55369567871094
94.0897445678711
94.16177368164062
94.16177368164062
95.22582244873047
95.8099136352539
95.7699203491211
98.25017547607422
98.21817016601562
96.44200897216797
92.93763732910156
90.04132080078125
88.78518676757812
92.75359344482422
94.13775634765625
94.02574157714844
93.17765808105469
90.926025390625
93.6681900024414
93.76467895507812
92.01162719726562
93.62797546386719
91.64976501464844
92.06790924072266
92.83185577392578
92.26091003417969
93.42694854736328
94.74577331542969
94.8181381225586
92.57455444335938
93.74860382080078
93.1213607788086
93.41890716552734
93.55560302734375
93.87725830078125
91.75426483154297
90.79734802246094
92.8720703125
94.1104736328125
94.73772430419922
95.85549926757812
95.43733215332031
96.21735382080078
97.35121154785156
97.56835174560547
98.0267105102539
97.79351043701172
96.71593475341797
97.95436096191406
98.70221710205078
98.99170684814453
98.79067993164062
99.15251922607422
100.00493621826172
100.20598602294922
100.52764892578125
100.09339141845703
99.57070922851562
99.41790008544922
99.42594909667969
100.04515075683594
101.05034637451172
100.82516479492188
101.09859466552734
101.30767059326172
100.1175308227539
100.72867584228516
100.28636932373047
99.56267547607422
96.49881744384766
97.17432403564453
101.46851348876953
101.75801086425781
102.01534271240234
104.70928192138672
106.55078887939453
107.43534088134766
108.27970123291016
108.35210418701172
107.6605453491211
108.58129119873047
108.08053588867188
105.75430297851562
108.66206359863281
108.17745208740234
108.10474395751953
106.53778076171875
107.0547103881836
105.3585433959961
106.62662506103516
106.04505920410156
107.34549713134766
106.09351348876953
105.23736572265625
106.06124877929688
106.52163696289062
107.51513671875
107.34549713134766
107.16778564453125
107.99166107177734
107.70897674560547
106.82051086425781
105.86736297607422
105.3504409790039
104.26004791259766
101.28762817382812
100.0760726928711
101.59456634521484
102.97574615478516
98.05677795410156
96.61903381347656
96.30400848388672
96.73209381103516
94.066650390625
97.10365295410156
99.15525817871094
98.30716705322266
98.70293426513672
98.19407653808594
98.76753997802734
101.57843017578125
102.1842041015625
101.1826171875
99.98724365234375
97.822509765625
94.04241180419922
90.34308624267578
91.96659088134766
92.34622192382812
91.49005126953125
93.95355224609375
96.46556091308594
97.90330505371094
96.9017333984375
98.2909927368164
99.22796630859375
100.58490753173828
101.45726776123047
102.46688842773438
101.98226928710938
100.25374603271484
101.5299301147461
101.44111633300781
102.4184341430664
101.4168701171875
101.90958404541016
102.9166488647461
102.35626983642578
102.24256896972656
104.3298110961914
104.63843536376953
105.34501647949219
105.94598388671875
106.29524993896484
106.67691040039062
106.40081787109375
106.05970001220703
105.75920104980469
105.95413970947266
106.45765686035156
107.5865478515625
108.35812377929688
108.3662109375
109.51948547363281
109.51948547363281
109.30020141601562
109.99866485595703
108.72356414794922
108.5205307006836
108.02511596679688
109.13776397705078
108.6991958618164
109.1296615600586
109.6494140625
111.10323333740234
109.99866485595703
109.79561614990234
109.31645202636719
110.17736053466797
110.16921997070312
109.91744995117188
110.25045013427734
107.79772186279297
108.73983001708984
110.49407196044922
109.2677230834961
109.77124786376953
109.373291015625
110.20983123779297
110.64840698242188
111.67982482910156
109.07281494140625
108.98345947265625
108.1225814819336
109.91744995117188
107.20482635498047
107.01806640625
106.98554992675781
107.08303833007812
106.7337875366211
108.3093490600586
108.17945098876953
108.86979675292969
108.78043365478516
107.85791778564453
107.62118530273438
108.09465789794922
107.54774475097656
105.46598815917969
106.06195831298828
105.79254150390625
105.55579376220703
105.17212677001953
104.3557357788086
102.2413558959961
103.29446411132812
103.97203063964844
103.7924575805664
104.18431854248047
104.28227996826172
104.16797637939453
104.73126220703125
103.1883316040039
101.77601623535156
104.11083984375
103.98020935058594
104.2414321899414
105.81704711914062
105.59661865234375
107.40894317626953
107.07421875
109.67023468017578
110.3315200805664
110.07843017578125
109.03350067138672
109.83354187011719
110.02946472167969
111.30298614501953
111.82544708251953
112.17652130126953
111.08258056640625
111.4499282836914
111.43359375
111.63771057128906
111.27849578857422
112.62549591064453
112.85408782958984
113.28675079345703
112.02140045166016
111.89075469970703
111.06623840332031
111.76835632324219
111.19686889648438
111.11519622802734
110.6988525390625
111.87445068359375
111.49075317382812
111.89075469970703
111.21316528320312
111.14788818359375
110.04581451416016
110.58460235595703
110.48664093017578
111.20501708984375
110.25804901123047
110.56007385253906
109.68659973144531
110.40497589111328
110.03575897216797
110.05216217041016
110.14241790771484
110.8973159790039
110.03575897216797
108.96080017089844
107.70536804199219
104.81705474853516
105.5145034790039
103.15951538085938
103.60262298583984
104.17700958251953
103.47955322265625
103.62725830078125
104.07035827636719
105.12063598632812
105.64581298828125
104.85807800292969
102.93797302246094
104.06211853027344
105.251953125
104.97295379638672
105.58837127685547
105.44065856933594
105.19448852539062
104.68577575683594
106.82740783691406
105.28475189208984
104.41497039794922
103.26620483398438
103.95545959472656
103.62725830078125
103.7339096069336
102.6836166381836
103.17594146728516
103.29903411865234
103.59442901611328
103.88162231445312
104.84986877441406
101.20664978027344
100.68968200683594
100.3204345703125
101.40357208251953
100.11529541015625
98.37574005126953
98.7039566040039
98.61368560791016
99.21269226074219
101.54306030273438
101.95333862304688
103.40570831298828
105.87555694580078
106.54841613769531
104.75961303710938
102.07640838623047
102.83951568603516
105.7934799194336
105.30115509033203
105.2109146118164
107.47563934326172
107.66435241699219
107.95977783203125
107.19662475585938
106.92443084716797
106.74291229248047
106.80068969726562
107.13064575195312
106.97392272949219
106.19850158691406
109.26716613769531
109.32492065429688
110.03430938720703
111.0159683227539
112.63277435302734
112.17081451416016
112.05535125732422
111.45317840576172
111.72537994384766
113.10296630859375
112.87201690673828
111.71709442138672
111.40367889404297
111.57689666748047
111.42019653320312
111.44490814208984
110.603515625
110.7932357788086
111.77487182617188
110.45500946044922
110.14982604980469
110.7932357788086
112.26983642578125
111.93986511230469
111.42019653320312
111.39541625976562
112.12960815429688
112.3193130493164
111.68413543701172
111.85734558105469
113.8948745727539
113.88660430908203
113.4082260131836
114.21663665771484
114.10938262939453
114.2248764038086
113.49070739746094
113.37516784667969
112.97100067138672
113.82061767578125
112.5915298461914
112.7234878540039
113.73816680908203
114.4228286743164
115.36322021484375
115.37970733642578
116.60882568359375
117.29348754882812
116.75729370117188
117.96170043945312
119.62799835205078
119.81771087646484
119.37228393554688
120.3951187133789
119.85896301269531
119.53724670410156
120.99728393554688
122.04499053955078
121.92949676513672
121.36853790283203
121.18596649169922
121.93289947509766
121.68392181396484
121.87480926513672
122.35613250732422
122.13209533691406
122.78772735595703
123.43504333496094
124.1571044921875
122.66319274902344
121.67561340332031
122.29808807373047
122.82093048095703
122.58855438232422
121.89134979248047
122.1652603149414
122.0324935913086
121.95779418945312
121.85820770263672
121.68392181396484
121.4515151977539
121.70051574707031
122.1984634399414
122.10719299316406
123.00350189208984
122.99520111083984
121.61750793457031
121.09467315673828
122.2565689086914
122.6300277709961
122.181884765625
123.4267578125
124.48908233642578
126.0576400756836
127.00373840332031
127.99130249023438
129.56820678710938
129.55160522460938
127.98310852050781
128.59725952148438
128.63865661621094
128.5225372314453
129.24452209472656
130.20730590820312
130.86289978027344
131.23641967773438
129.63461303710938
130.23216247558594
130.57241821289062
131.3442840576172
129.5433349609375
129.2196502685547
129.71763610839844
129.43544006347656
128.49758911132812
128.63865661621094
129.8504180908203
128.55567932128906
128.44720458984375
128.13839721679688
129.50732421875
129.67422485351562
129.20677185058594
128.71429443359375
129.34869384765625
128.1300048828125
127.67927551269531
127.02815246582031
128.53903198242188
130.85121154785156
130.8595428466797
130.7510528564453
132.5623779296875
131.6107940673828
130.7092742919922
129.78277587890625
126.30194854736328
126.39376831054688
127.07823944091797
127.90460205078125
127.01148986816406
128.04652404785156
128.55569458007812
127.45388793945312
126.91962432861328
127.06991577148438
126.19342803955078
125.7093276977539
127.37039184570312
127.9547348022461
127.6124496459961
128.45553588867188
127.01982879638672
127.96305084228516
122.72932434082031
122.41217041015625
120.68431854248047
122.67928314208984
122.4455337524414
123.31366729736328
123.60582733154297
124.87458038330078
125.08326721191406
125.6258544921875
125.8678970336914
127.50394439697266
128.0048065185547
128.0048065185547
129.59912109375
128.44720458984375
129.2819366455078
128.76437377929688
125.35039520263672
127.0866470336914
124.9330062866211
123.11331939697266
124.54068756103516
125.13333892822266
124.45720672607422
123.7477035522461
124.91635131835938
126.36875915527344
125.81456756591797
125.94892120361328
125.8397216796875
126.60384368896484
128.40911865234375
131.45709228515625
132.60740661621094
134.0600128173828
132.9768524169922
134.2699737548828
134.3622589111328
133.824951171875
133.00209045410156
132.5066375732422
132.38070678710938
133.2371826171875
133.66537475585938
134.32029724121094
135.2691192626953
135.40342712402344
135.11802673339844
136.32713317871094
137.33468627929688
137.720947265625
138.68655395507812
138.7872772216797
139.48419189453125
139.2575225830078
139.1399688720703
138.6781463623047
138.75372314453125
138.19955444335938
138.09877014160156
137.8888702392578
137.15838623046875
137.24232482910156
137.06600952148438
137.22552490234375
138.32553100585938
139.40869140625
139.44224548339844
140.76890563964844
140.50860595703125
138.80406188964844
139.19874572753906
138.8629150390625
136.62095642089844
138.03163146972656
137.8888702392578
137.418701171875
137.74615478515625
137.0911865234375
137.79647827148438
138.837646484375
141.11312866210938
138.93844604492188
140.64297485351562
140.844482421875
143.11996459960938
145.14353942871094
144.47178649902344
144.698486328125
146.23507690429688
148.2586669921875
149.5836181640625
151.75245666503906
152.25881958007812
156.03953552246094
154.30955505371094
152.57949829101562
153.59222412109375
154.78213500976562
153.8031463623047
153.4234161376953
154.46144104003906
153.70191955566406
154.08168029785156
155.89608764648438
156.9509735107422
158.07334899902344
158.72320556640625
158.76539611816406
160.64732360839844
160.5038299560547
160.1578369140625
159.94683837890625
