124.57244873046875
122.92700958251953
120.87020111083984
121.50212097167969
123.02236938476562
122.22940063476562
121.6093978881836
119.9520263671875
121.48421478271484
120.54824829101562
121.04902648925781
122.14002227783203
120.3932113647461
117.65670776367188
116.52993774414062
115.38525390625
116.24378204345703
116.1722412109375
116.64323425292969
113.93656921386719
114.03789520263672
114.1690673828125
115.21235656738281
116.21395874023438
116.24378204345703
114.0498046875
114.61621856689453
114.94408416748047
114.5088882446289
115.65953826904297
115.57006072998047
115.9874267578125
118.03829193115234
115.38525390625
115.71317291259766
116.24378204345703
117.21553039550781
117.57923126220703
117.65670776367188
116.97705841064453
116.85781860351562
116.27949523925781
116.7386245727539
116.35106658935547
116.55378723144531
113.864990234375
112.9782485961914
112.60076141357422
112.53486633300781
113.29580688476562
112.89435577392578
112.36109924316406
111.31855773925781
111.04893493652344
110.38388061523438
110.58155059814453
110.76132202148438
110.95905303955078
111.09687042236328
110.68946838378906
109.4910888671875
109.1435775756836
109.43119812011719
109.20946502685547
110.22209167480469
109.72479248046875
110.3359146118164
109.66483306884766
110.833251953125
111.80387878417969
114.26045227050781
114.2784652709961
115.14127349853516
115.72837829589844
115.13518524169922
116.48934936523438
115.87222290039062
113.85296630859375
114.43419647216797
113.82308197021484
113.52351379394531
113.97285461425781
111.99560546875
110.95311737060547
111.67204284667969
110.82123565673828
110.16216278076172
110.30595397949219
109.0537109375
107.08248901367188
108.64029693603516
110.70742797851562
111.5402603149414
112.02554321289062
110.64151763916016
111.88178253173828
104.7517318725586
104.12258911132812
103.57140350341797
104.83560180664062
105.31495666503906
106.53124237060547
105.9620361328125
106.26160430908203
109.1196060180664
107.93929290771484
107.3760986328125
107.3880615234375
108.01119232177734
106.56119537353516
107.94068145751953
108.42858123779297
108.42255401611328
110.16340637207031
110.27790832519531
110.56705474853516
109.75984954833984
110.3501968383789
111.12120819091797
111.591064453125
111.554931640625
110.91644287109375
109.2116470336914
107.7900619506836
106.80821228027344
107.8081283569336
108.23580932617188
106.91058349609375
106.0672378540039
105.86245727539062
106.0672378540039
107.02500915527344
106.89854431152344
106.6937255859375
105.53717041015625
104.43480682373047
104.09143829345703
107.13346099853516
105.87445831298828
107.64546203613281
108.56108856201172
108.44068908691406
109.77188873291016
110.3682861328125
111.65132141113281
111.4886474609375
112.2898178100586
112.98860931396484
111.75975036621094
112.42839050292969
112.0428695678711
114.2777099609375
113.22955322265625
112.8741455078125
112.80184936523438
110.93448638916016
111.99466705322266
113.09100341796875
113.7054443359375
114.5066146850586
113.5066909790039
109.78396606445312
110.07307434082031
108.21173858642578
107.16357421875
106.53108215332031
106.25997161865234
106.83834838867188
106.42867279052734
104.15165710449219
104.11555480957031
104.9588851928711
105.79472351074219
107.35738372802734
107.29074096679688
108.84131622314453
109.16839599609375
110.137451171875
111.25798797607422
110.95516967773438
110.80979919433594
111.60318756103516
110.71286010742188
111.11258697509766
110.97940826416016
111.4820785522461
112.21495056152344
112.1543960571289
111.60318756103516
112.92364501953125
113.34758758544922
113.65043640136719
113.67463684082031
112.8933334350586
113.11740112304688
112.7903060913086
111.38516998291016
110.361572265625
112.5420150756836
113.14774322509766
111.87578582763672
113.80791473388672
113.0628890991211
114.01988220214844
118.1324462890625
116.6667709350586
114.97689819335938
115.3524169921875
116.58794403076172
117.80542755126953
117.22998809814453
116.70915985107422
116.15190887451172
117.81755065917969
117.07260131835938
119.1015853881836
118.5201416015625
118.22335815429688
119.78601837158203
119.33174896240234
118.95624542236328
115.08587646484375
116.45475006103516
116.38208770751953
116.12767028808594
115.213134765625
114.85575866699219
116.98171997070312
118.17488861083984
118.99861907958984
117.21793365478516
115.95201873779297
115.84298706054688
115.09798431396484
115.32343292236328
115.0858383178711
115.7986068725586
117.3155288696289
117.08403778076172
114.9700927734375
113.59325408935547
113.95880126953125
113.9222412109375
112.63676452636719
113.55062103271484
113.11809539794922
113.27645874023438
112.56975555419922
111.53412628173828
111.94837188720703
112.31392669677734
113.12417602539062
112.31999969482422
112.40532684326172
113.30084228515625
113.53840637207031
113.44699096679688
112.27130889892578
111.02852630615234
110.40103912353516
111.21732330322266
111.08943176269531
111.03460693359375
111.85093688964844
111.3757553100586
110.6020278930664
110.96146392822266
110.19389343261719
110.09639739990234
109.88317108154297
110.69952392578125
110.43147277832031
113.52626037597656
114.76905822753906
114.85432434082031
114.55581665039062
114.05626678466797
114.7873306274414
114.34868621826172
114.53144836425781
115.66456604003906
114.82994079589844
117.18761444091797
117.26678466796875
117.27288055419922
116.2677230834961
118.2415542602539
117.96133422851562
118.94215393066406
118.4303970336914
119.2710952758789
118.53398895263672
118.18672180175781
116.76725769042969
115.23201751708984
115.53058624267578
113.98316192626953
113.96477508544922
112.94136047363281
114.36924743652344
114.88400268554688
114.80433654785156
115.17815399169922
115.13529205322266
114.82884216308594
116.04219818115234
116.47731018066406
116.49568176269531
117.18817138671875
116.68568420410156
117.14524841308594
118.26673889160156
117.81324005126953
117.66007232666016
117.84387969970703
117.39039611816406
117.62937927246094
116.85111236572266
117.16984558105469
116.52020263671875
116.42827606201172
117.37818145751953
117.48847198486328
117.2187728881836
117.5436019897461
118.24834442138672
118.1502914428711
118.73245239257812
118.88567352294922
118.34025573730469
117.42719268798828
117.85005950927734
115.82771301269531
116.47119903564453
116.21382904052734
116.33026123046875
114.70018005371094
114.54081726074219
115.61937713623047
115.84613037109375
113.80545806884766
116.04219818115234
114.24056243896484
113.94025421142578
112.46340942382812
112.63499450683594
111.37871551513672
110.208251953125
111.56254577636719
103.62662506103516
100.02937316894531
99.14695739746094
99.38599395751953
99.32466125488281
99.19597625732422
100.25613403320312
100.17039489746094
100.7157974243164
100.74641418457031
100.72187805175781
99.67395782470703
99.16534423828125
99.6219482421875
99.99832153320312
100.87445068359375
100.75720977783203
99.9057388305664
100.44254302978516
101.28783416748047
101.28783416748047
99.88725280761719
99.6034164428711
99.11600494384766
99.28874969482422
100.04768371582031
99.80704498291016
99.92425537109375
100.06000518798828
99.6712875366211
100.36851501464844
101.50996398925781
101.21996307373047
100.73869323730469
99.86872863769531
100.5659408569336
99.0357894897461
99.3813247680664
95.8705062866211
94.43905639648438
93.42101287841797
93.74187469482422
97.28963470458984
97.80176544189453
99.6095962524414
100.10320281982422
99.84403991699219
100.16487121582031
99.0357894897461
98.7519760131836
98.99258422851562
99.99212646484375
98.41876220703125
96.29625701904297
95.66692352294922
97.7462158203125
98.17195892333984
96.52456665039062
96.75285339355469
96.12967681884766
95.3707504272461
96.95646667480469
96.83926391601562
93.84060668945312
95.87671661376953
96.17288970947266
96.4752197265625
94.81546020507812
93.50739288330078
95.93223571777344
94.59332275390625
95.4262924194336
97.77706909179688
96.84542083740234
97.43154907226562
97.37564086914062
96.77294158935547
98.51889038085938
98.29521942138672
98.49400329589844
99.66214752197266
100.0101089477539
100.77436828613281
101.83062744140625
101.68148803710938
101.22166442871094
102.4146957397461
101.1595687866211
99.95417785644531
100.61901092529297
99.71184539794922
100.05359649658203
99.05327606201172
100.14679718017578
98.48159790039062
99.89204406738281
98.05290222167969
97.42536163330078
98.15850830078125
95.8595962524414
97.59933471679688
97.52478790283203
99.29557800292969
99.29557800292969
101.20307159423828
102.29039764404297
101.2776107788086
98.91655731201172
99.78018188476562
99.66214752197266
101.07258605957031
99.72428894042969
98.90411376953125
99.69322204589844
100.68114471435547
100.69979095458984
100.56307220458984
100.86752319335938
101.19062805175781
100.89238739013672
100.84269714355469
101.97972869873047
101.35839080810547
99.82992553710938
103.24104309082031
102.060546875
102.74401092529297
105.77610778808594
105.49029541015625
106.08055114746094
108.06258392333984
108.3608169555664
106.4284896850586
107.90726470947266
108.09367370605469
107.54068756103516
106.4576187133789
107.04610443115234
108.10414123535156
107.12747192382812
106.77063751220703
107.85368347167969
108.96178436279297
108.46722412109375
108.34198760986328
108.60494232177734
108.78019714355469
108.51729583740234
107.8161392211914
106.50770568847656
107.67842102050781
107.4968490600586
106.2072525024414
106.53902435302734
106.2072525024414
106.37628936767578
105.41215515136719
104.79865264892578
103.5090103149414
103.72187805175781
105.75020599365234
105.66258239746094
104.54195404052734
104.08495330810547
104.44808197021484
104.65465545654297
105.33074951171875
104.54195404052734
105.0052490234375
105.56240844726562
104.52946472167969
103.9722671508789
103.58413696289062
102.02529907226562
101.83121490478516
102.97685241699219
103.35250854492188
103.12712097167969
103.296142578125
102.14423370361328
102.57623291015625
104.5169448852539
106.03819274902344
105.55611419677734
105.50606536865234
107.05235290527344
107.9977035522461
108.44219207763672
102.08788299560547
100.38509368896484
101.24901580810547
100.00943756103516
99.58372497558594
100.19728088378906
100.84830474853516
100.7669448852539
101.4117660522461
99.35836791992188
98.66344451904297
98.85126495361328
98.67455291748047
97.91706848144531
98.94596862792969
98.1632308959961
98.57357788085938
97.88550567626953
98.31472778320312
98.66825866699219
98.4788589477539
97.17219543457031
96.36421203613281
93.95923614501953
90.56317901611328
88.97881317138672
92.60206604003906
93.7635498046875
93.4100570678711
93.35324096679688
90.06449890136719
91.56051635742188
92.65254211425781
90.70838928222656
92.9366226196289
91.56051635742188
92.28644561767578
93.02500915527344
91.93927001953125
93.12598419189453
93.68148040771484
93.51103210449219
91.21965789794922
92.4631576538086
91.16917419433594
90.6831283569336
91.15657806396484
91.7940673828125
89.96351623535156
89.93195343017578
91.51004028320312
90.63892364501953
91.26385498046875
94.07917022705078
93.9150390625
94.741943359375
96.12435150146484
96.19379425048828
95.40473175048828
94.44526672363281
94.69146728515625
94.741943359375
94.93133544921875
94.19278717041016
88.77678680419922
88.95350646972656
90.95452117919922
91.32698059082031
90.6831283569336
87.02194213867188
88.89671325683594
88.71997833251953
88.42330169677734
88.60635375976562
89.55950927734375
89.40171813964844
88.30337524414062
88.08670806884766
86.21349334716797
86.31544494628906
86.02873229980469
84.76715087890625
83.94523620605469
85.19404602050781
85.26412200927734
86.53843688964844
87.1246337890625
88.24601745605469
88.22053527832031
88.30973052978516
87.92744445800781
88.22053527832031
88.83220672607422
90.0173110961914
89.0105972290039
88.51361083984375
89.47572326660156
88.91502380371094
87.95931243896484
87.0417709350586
87.1501235961914
85.74199676513672
86.60853576660156
87.79360961914062
88.74938201904297
87.13099670410156
85.95225524902344
86.33457946777344
87.88282775878906
88.27149200439453
88.08670806884766
87.67894744873047
89.06159210205078
88.78120422363281
87.685302734375
86.62127685546875
86.55755615234375
86.12428283691406
84.65247344970703
83.8687515258789
84.8882064819336
84.67794799804688
83.5756607055664
84.68431854248047
82.84930419921875
81.62596893310547
77.64374542236328
78.31277465820312
78.0515365600586
77.78390502929688
78.1088638305664
77.0703125
77.87312316894531
79.5106201171875
79.53609466552734
78.33187103271484
79.46601867675781
81.33287811279297
81.91907501220703
81.73239135742188
79.85932159423828
77.3619155883789
75.85575103759766
77.90901947021484
79.00328063964844
81.16597747802734
85.25325012207031
85.65874481201172
86.10289001464844
85.22105407714844
85.47852325439453
86.57276153564453
84.98290252685547
84.3392333984375
86.48905944824219
87.73133850097656
88.69683837890625
88.69683837890625
90.20945739746094
89.5143051147461
90.3768081665039
90.23519134521484
91.63195037841797
91.90230560302734
92.01815795898438
93.19606018066406
94.64429473876953
94.67648315429688
95.6677017211914
95.32658386230469
93.58866882324219
95.23004150390625
95.51968383789062
96.11827087402344
95.52608489990234
97.48282623291016
98.17155456542969
97.8819351196289
96.54951477050781
96.56239318847656
95.42312622070312
96.13116455078125
96.0667724609375
96.3113784790039
97.3412094116211
97.29618072509766
97.65662384033203
98.17799377441406
92.68754577636719
94.04570007324219
96.09895324707031
95.58403778076172
95.78356170654297
95.95735931396484
96.85205078125
94.66361236572266
93.93628692626953
93.50499725341797
92.77120971679688
92.84848022460938
94.27740478515625
95.7201156616211
95.75262451171875
97.4617919921875
96.79890441894531
96.72744750976562
95.99958038330078
97.13034057617188
96.18154907226562
95.75262451171875
94.18643188476562
95.69413757324219
95.38217163085938
96.38299560546875
98.57958984375
99.06700134277344
99.32695007324219
99.91180419921875
99.11247253417969
99.7558364868164
99.35945129394531
99.25543212890625
99.64537811279297
100.08081817626953
99.70387268066406
99.02152252197266
98.31311798095703
98.1701431274414
97.9232177734375
98.1701431274414
98.77452087402344
99.82732391357422
100.11328887939453
99.37892150878906
100.95812225341797
95.26520538330078
93.25711059570312
94.68682861328125
96.48048400878906
98.6380615234375
99.00846862792969
98.57308959960938
99.02152252197266
99.17096710205078
100.37969970703125
100.94509887695312
102.0564193725586
102.69328308105469
104.16201782226562
103.83708190917969
103.88906860351562
103.70706939697266
104.8638916015625
104.2724838256836
105.32530212402344
105.70220947265625
105.35775756835938
105.16930389404297
104.8703842163086
104.3829574584961
104.92233276367188
104.3569564819336
104.41544342041016
104.98731994628906
106.25457000732422
106.21529388427734
106.0383071899414
106.241455078125
107.19196319580078
106.15626525878906
106.11041259765625
105.33689880371094
105.16650390625
105.76956176757812
104.904296875
104.87805938720703
105.04850006103516
104.25532531738281
103.98007202148438
103.77687072753906
104.69453430175781
104.48480987548828
104.14393615722656
104.5765609741211
104.58309173583984
105.10749053955078
105.9531021118164
104.22260284423828
102.05292510986328
103.7571792602539
102.1316146850586
100.97792053222656
102.03327941894531
100.84029388427734
101.51542663574219
101.2401351928711
101.94803619384766
102.32820129394531
101.5875244140625
100.93202209472656
102.76083374023438
103.7571792602539
103.63919830322266
104.124267578125
103.31146240234375
102.55764770507812
102.96408081054688
102.83295440673828
102.03982543945312
102.92469024658203
101.46297454833984
101.13524627685547
100.7616195678711
101.2401351928711
101.44988250732422
98.79513549804688
99.14910125732422
99.31951904296875
98.08065032958984
98.69683837890625
98.90000915527344
99.50962829589844
100.51908874511719
100.03401184082031
100.741943359375
100.15198516845703
99.60139465332031
99.8767318725586
99.916015625
102.07260131835938
102.63483428955078
102.39669036865234
105.97504425048828
106.66954803466797
104.64556884765625
104.94981384277344
105.35990905761719
105.69725799560547
106.0875015258789
107.66172790527344
107.59555053710938
107.1391830444336
107.90644836425781
108.81920623779297
108.16441345214844
107.29792785644531
105.71047973632812
105.84276580810547
105.72367858886719
106.06102752685547
108.99779510498047
109.37482452392578
110.14208221435547
109.46745300292969
111.31282043457031
111.45838165283203
111.13426208496094
110.2809829711914
110.24793243408203
110.8564453125
110.6778335571289
110.49927520751953
110.26776123046875
110.55216979980469
109.923828125
110.19501495361328
109.79154968261719
110.58524322509766
111.95440673828125
111.58403015136719
112.13299560546875
110.8895263671875
109.48065185546875
110.95563507080078
111.08793640136719
110.68448638916016
111.04828643798828
110.3272933959961
110.33389282226562
112.80767822265625
113.12511444091797
116.34637451171875
117.92713165283203
118.171875
117.27237701416016
116.28021240234375
115.43358612060547
115.2814712524414
115.47325134277344
116.29344177246094
116.31987762451172
118.03965759277344
117.4462890625
118.1396255493164
119.11958312988281
119.5729751586914
120.08629608154297
121.11962127685547
120.95295715332031
120.44625091552734
120.17296600341797
120.76628112792969
121.099609375
120.89959716796875
119.5996322631836
119.87962341308594
121.29959106445312
120.35295867919922
120.03294372558594
120.31297302246094
120.25296020507812
119.63297271728516
118.1196060180664
118.55293273925781
117.6396255493164
117.1462631225586
117.20626831054688
118.15962219238281
117.09961700439453
117.13294219970703
115.91960906982422
116.51957702636719
116.54627990722656
115.88630676269531
115.84628295898438
116.33960723876953
115.9596176147461
115.9062728881836
116.09293365478516
116.33295440673828
116.34632873535156
115.25296020507812
114.9662857055664
114.75965881347656
114.13298034667969
113.7196273803711
113.7729721069336
113.01961517333984
114.06632232666016
113.36627197265625
107.79297637939453
108.19966125488281
106.91966247558594
107.16634368896484
106.92630767822266
106.7063217163086
106.879638671875
106.85968780517578
105.89299011230469
106.0663070678711
105.75297546386719
106.03299713134766
103.36636352539062
103.01629638671875
102.39696502685547
101.81803894042969
101.41413116455078
101.22563171386719
101.99304962158203
103.4538345336914
101.60261535644531
101.50161743164062
102.30944061279297
102.75376892089844
102.34307861328125
102.66622924804688
103.1307144165039
102.65276336669922
102.14114379882812
102.74702453613281
102.77393341064453
102.35655975341797
102.59890747070312
102.57199096679688
101.63626098632812
102.39022827148438
103.73660278320312
104.46358489990234
103.83755493164062
103.54135131835938
103.81739044189453
104.59825897216797
104.2347412109375
104.30879211425781
103.52789306640625
103.93854522705078
103.74331665039062
104.49728393554688
104.17414855957031
104.557861328125
103.75675964355469
103.55484008789062
104.73287200927734
103.44711303710938
102.56524658203125
102.95568084716797
103.27880859375
103.12397766113281
103.46729278564453
103.42018127441406
103.83084869384766
103.0028076171875
103.66924285888672
99.31380462646484
99.40130615234375
99.01087951660156
98.2771224975586
98.41175842285156
97.85302734375
97.65779113769531
97.13270568847656
97.3885269165039
97.81261444091797
97.24042510986328
97.57027435302734
97.7183837890625
96.58074188232422
96.67595672607422
96.44464111328125
96.49226379394531
96.49226379394531
96.81880950927734
96.64874267578125
96.94124603271484
95.71672821044922
95.03645324707031
95.46504211425781
95.9276123046875
96.69636535644531
97.24058532714844
97.78482818603516
96.94805145263672
97.37666320800781
96.98207092285156
97.30181884765625
98.01612854003906
97.30862426757812
97.83924865722656
97.21339416503906
96.90724182128906
98.5467529296875
99.15897369384766
99.31548309326172
99.00933074951172
98.51952362060547
98.33586120605469
98.22700500488281
99.24064636230469
98.81884765625
98.73040771484375
99.23382568359375
99.7032241821289
99.09097290039062
99.09097290039062
98.69639587402344
99.7712631225586
99.85289764404297
99.64879608154297
99.81208038330078
99.64879608154297
100.26788330078125
101.02301788330078
100.42432403564453
100.02296447753906
100.07061767578125
99.88689422607422
99.68961334228516
108.5265884399414
109.45858001708984
110.2545166015625
108.5401840209961
106.04351043701172
104.4244155883789
104.49248504638672
104.5468978881836
105.0094985961914
104.8053970336914
104.7850112915039
104.3223876953125
103.1183090209961
102.61483764648438
102.96183013916016
103.11148071289062
103.26952362060547
102.48624420166016
101.96404266357422
102.30073547363281
101.07083892822266
102.45873260498047
102.35567474365234
103.4137954711914
104.4031982421875
104.2795181274414
104.32764434814453
104.423828125
104.7604751586914
105.50255584716797
105.79114532470703
106.33393859863281
107.50199127197266
106.73931121826172
105.88046264648438
105.51631164550781
106.36827087402344
106.78052520751953
107.69437408447266
105.74993133544922
105.81173706054688
104.78111267089844
105.35137939453125
105.28266143798828
105.09027862548828
104.09403991699219
104.78111267089844
105.00785827636719
105.21397399902344
105.83924102783203
105.41321563720703
