18.415512084960938
18.503076553344727
18.021520614624023
17.985036849975586
17.941259384155273
18.247699737548828
18.028812408447266
17.84640884399414
18.233104705810547
18.182035446166992
18.313365936279297
18.583330154418945
18.24040412902832
17.6494197845459
17.656707763671875
17.204347610473633
17.42323112487793
17.518085479736328
17.547264099121094
17.67860221862793
17.430532455444336
17.30649757385254
17.33568000793457
17.5545654296875
16.919801712036133
16.883319854736328
16.963577270507812
17.503494262695312
17.437824249267578
17.467010498046875
17.693193435668945
17.620229721069336
16.95627784729004
16.81035614013672
16.613359451293945
16.59876823425293
16.7300968170166
16.824951171875
16.970874786376953
16.95627784729004
17.05842399597168
17.029239654541016
16.92709732055664
16.941692352294922
16.88643455505371
16.798023223876953
16.724340438842773
16.540164947509766
16.5843563079834
16.680139541625977
16.59173011779785
16.628570556640625
16.2307186126709
16.142305374145508
16.414905548095703
16.59173011779785
16.333864212036133
16.40017318725586
16.532787322998047
16.40753746032715
16.34859848022461
16.422279357910156
16.252822875976562
16.193883895874023
16.260189056396484
16.680139541625977
16.650667190551758
16.702239990234375
16.87906265258789
16.930633544921875
16.805387496948242
16.67276954650879
17.269542694091797
17.232707977294922
17.49057388305664
17.60845375061035
17.61581802368164
17.512680053710938
17.402164459228516
17.461101531982422
17.461101531982422
17.2474422454834
16.930633544921875
16.88643455505371
16.82012367248535
16.864328384399414
16.650667190551758
16.805387496948242
16.82012367248535
16.56226348876953
16.643299102783203
17.01905059814453
17.136932373046875
17.276906967163086
17.232707977294922
17.461101531982422
17.623191833496094
17.59371566772461
17.785276412963867
17.73369598388672
17.49057388305664
17.520042419433594
17.85894775390625
17.947362899780273
18.06524085998535
18.050506591796875
18.028400421142578
17.925251007080078
17.873682022094727
17.869966506958008
18.033567428588867
17.89226722717285
17.914579391479492
17.974077224731445
18.167428970336914
18.293848037719727
18.137683868408203
18.234352111816406
18.293848037719727
18.368213653564453
18.264097213745117
18.762346267700195
17.7509765625
17.661741256713867
17.58738136291504
17.773286819458008
17.72867202758789
17.62455940246582
17.513011932373047
17.654308319091797
18.041006088256836
18.45745277404785
18.539249420166016
18.45745277404785
18.159988403320312
18.197166442871094
18.063316345214844
18.182300567626953
18.338468551635742
18.702852249145508
18.695417404174805
18.635921478271484
18.829275131225586
18.91107749938965
19.111865997314453
19.03750228881836
19.223413467407227
19.305213928222656
19.17879867553711
19.171358108520508
18.933385848999023
19.030061721801758
18.91107749938965
18.821842193603516
18.985445022583008
18.963134765625
19.7142276763916
19.833206176757812
19.736528396606445
19.223413467407227
19.030061721801758
18.821842193603516
18.687976837158203
18.45001792907715
18.383087158203125
18.516939163208008
18.353342056274414
18.3979549407959
18.249225616455078
17.810474395751953
17.713796615600586
17.657495498657227
18.01034164428711
18.17551040649414
18.235570907592773
18.370697021484375
18.430761337280273
18.543373107910156
18.588415145874023
18.588415145874023
18.39321517944336
18.573400497436523
18.333162307739258
18.49081802368164
18.483312606811523
18.618450164794922
18.588415145874023
18.588415145874023
18.39321517944336
18.475805282592773
18.39321517944336
18.49081802368164
18.498323440551758
18.648473739624023
18.565893173217773
18.588415145874023
18.44577407836914
18.39321517944336
18.543373107910156
18.63345718383789
18.78360939025879
19.09140968322754
18.896221160888672
18.85868263244629
19.113935470581055
19.053874969482422
19.001325607299805
19.23405647277832
19.376691818237305
19.511825561523438
19.436758041381836
19.82714080810547
19.639455795288086
19.8872013092041
20.20250701904297
20.25506591796875
19.842151641845703
19.654468536376953
19.93975257873535
20.097408294677734
20.217529296875
20.300113677978516
20.232545852661133
20.14996337890625
20.082399368286133
20.082399368286133
19.714529037475586
19.76708221435547
19.879690170288086
20.03734588623047
19.85717010498047
19.82714080810547
19.815786361694336
19.838502883911133
19.96722412109375
19.944509506225586
19.914222717285156
19.96722412109375
20.027795791625977
19.93693733215332
19.69463348388672
19.550762176513672
19.71734619140625
19.71734619140625
19.838502883911133
19.80063819885254
19.90664291381836
20.22466468811035
20.353384017944336
20.41396141052246
20.686555862426758
20.641122817993164
20.94400405883789
20.898571014404297
20.94400405883789
21.330169677734375
21.13330078125
21.3831729888916
21.1484432220459
21.171159744262695
22.617406845092773
22.723411560058594
22.6779842376709
22.6628360748291
22.78398895263672
22.867280960083008
22.889991760253906
23.094438552856445
23.382171630859375
23.30644989013672
23.420024871826172
23.39730453491211
23.457889556884766
23.457889556884766
23.579036712646484
23.49574851989746
23.314023971557617
23.389747619628906
23.669904708862305
23.662328720092773
23.844064712524414
24.010643005371094
26.236797332763672
25.517459869384766
25.517459869384766
25.790054321289062
26.342803955078125
26.123218536376953
25.933917999267578
25.933917999267578
25.918773651123047
25.88848114013672
26.009639739990234
25.661325454711914
25.547752380371094
25.782485961914062
25.016435623168945
25.039297103881836
24.909725189208984
24.84874153137207
25.168882369995117
25.252727508544922
25.99209976196289
25.87013053894043
26.045442581176758
26.2283878326416
26.175029754638672
26.29698944091797
26.79243278503418
26.632368087768555
26.533281326293945
26.525653839111328
26.518035888671875
26.411319732666016
26.617115020751953
26.350343704223633
26.350343704223633
26.609500885009766
26.678102493286133
26.92963218688965
26.609500885009766
26.69334602355957
26.69334602355957
26.38846206665039
26.327476501464844
26.624746322631836
26.662857055664062
26.80767822265625
26.5408992767334
26.457056045532227
26.236003875732422
26.487533569335938
26.022579193115234
26.114051818847656
26.601877212524414
26.5408992767334
25.908241271972656
25.549999237060547
25.938732147216797
25.999717712402344
25.51189422607422
26.121671676635742
25.626218795776367
24.322805404663086
23.987422943115234
24.498117446899414
23.842594146728516
23.514835357666016
23.918821334838867
24.07126808166504
24.856372833251953
24.597200393676758
24.917346954345703
25.290836334228516
25.306081771850586
25.71769142150879
25.854883193969727
24.833499908447266
25.923494338989258
26.15216064453125
26.327476501464844
25.901662826538086
25.947694778442383
25.763565063476562
25.51804542541504
25.556411743164062
25.6101131439209
25.84028434753418
26.04743766784668
26.269933700561523
26.63052749633789
26.354328155517578
27.58189582824707
27.305688858032227
27.812063217163086
27.86576271057129
28.31075668334961
28.57929801940918
28.517911911010742
28.84781837463379
28.717390060424805
28.740406036376953
28.901533126831055
28.54092788696289
28.30309295654297
27.942493438720703
28.15731430053711
27.796730041503906
27.55888557434082
27.28267478942871
27.804384231567383
28.40283966064453
27.904130935668945
28.548601150512695
28.717390060424805
28.725065231323242
28.809459686279297
28.52558708190918
28.203350067138672
27.842758178710938
27.896459579467773
27.58189582824707
27.067848205566406
27.635595321655273
28.14964485168457
28.203350067138672
28.080598831176758
28.003864288330078
27.8887939453125
27.76602554321289
27.965503692626953
27.689302444458008
27.988540649414062
28.318439483642578
27.965503692626953
27.4744815826416
26.231571197509766
25.91700553894043
26.246915817260742
25.349252700805664
25.8172664642334
25.855632781982422
25.96380615234375
26.226531982421875
25.731990814208984
25.446077346801758
26.04108428955078
25.9251708984375
26.373363494873047
26.551088333129883
26.84473419189453
26.481538772583008
26.435178756713867
26.589725494384766
26.087446212768555
26.589725494384766
26.234264373779297
26.002450942993164
25.693355560302734
26.31926918029785
26.35017967224121
26.365638732910156
26.064266204833984
25.646987915039062
25.28380584716797
24.495616912841797
24.982444763183594
23.80015754699707
23.900617599487305
23.82334327697754
23.63788604736328
23.86970329284668
23.753795623779297
24.19425392150879
24.109249114990234
23.792428970336914
23.09697914123535
23.243793487548828
24.727434158325195
24.310163497924805
24.163339614868164
23.807884216308594
23.807884216308594
23.985618591308594
24.15561866760254
24.19425392150879
24.140165328979492
24.6733455657959
24.518802642822266
24.33334732055664
25.36880111694336
25.399717330932617
25.090620040893555
25.291534423828125
25.059711456298828
25.26835060119629
24.997892379760742
24.789257049560547
25.113801956176758
25.515623092651367
25.415172576904297
25.152437210083008
25.82472038269043
25.83244514465332
25.404373168945312
25.077478408813477
25.093042373657227
25.528898239135742
25.44328498840332
25.1008243560791
25.404373168945312
25.661218643188477
25.67678451538086
26.003677368164062
25.801313400268555
25.97254753112793
26.112646102905273
26.034814834594727
25.762393951416016
26.23717498779297
26.470672607421875
26.820911407470703
26.392839431762695
25.894712448120117
25.47441864013672
25.147525787353516
24.78171157836914
24.361421585083008
24.322505950927734
24.766149520874023
24.78949546813965
24.376991271972656
24.431467056274414
24.626052856445312
24.86733055114746
25.202009201049805
24.96072769165039
25.108606338500977
24.97629165649414
24.83618927001953
24.898466110229492
24.14348793029785
23.653152465820312
23.67650032043457
23.489704132080078
23.78546142578125
23.380739212036133
23.271774291992188
22.9604434967041
22.516803741455078
22.70359992980957
23.13945960998535
23.077192306518555
23.108327865600586
23.271774291992188
22.93709373474121
22.649120330810547
22.353355407714844
22.267744064331055
22.259960174560547
21.83966636657715
22.065378189086914
22.540149688720703
22.579069137573242
22.501235961914062
22.53236961364746
22.610200881958008
22.672468185424805
22.85296630859375
22.76664161682129
22.66461944580078
23.261051177978516
22.735244750976562
23.11979866027832
22.65677261352539
22.774484634399414
22.82157325744629
22.688161849975586
22.25653076171875
21.60515785217285
20.843914031982422
20.600629806518555
20.302412033081055
21.42465591430664
21.75426483154297
22.303619384765625
22.397794723510742
21.83273696899414
22.444881439208984
22.82157325744629
22.382095336914062
23.15118408203125
22.947141647338867
22.97068977355957
23.127639770507812
23.064861297607422
23.331687927246094
23.363075256347656
23.31598663330078
22.774484634399414
22.884355545043945
22.499813079833984
22.55474853515625
22.3507080078125
22.609683990478516
22.57044792175293
22.947141647338867
23.653446197509766
23.5435791015625
23.943822860717773
24.4931697845459
24.909101486206055
25.364286422729492
25.521242141723633
25.223020553588867
25.277957916259766
25.14454460144043
25.74097442626953
25.701736450195312
25.929330825805664
26.360958099365234
26.243242263793945
26.188310623168945
26.996633529663086
27.38903045654297
27.145748138427734
27.051570892333984
27.239919662475586
26.70625877380371
26.57285499572754
26.76905059814453
26.926006317138672
26.98923110961914
26.870685577392578
26.744232177734375
26.35697364807129
26.2463321685791
25.9697322845459
25.606182098388672
25.376991271972656
25.36907958984375
25.79585838317871
26.20681381225586
27.107778549194336
27.392292022705078
27.250036239624023
27.155195236206055
27.226327896118164
27.23422622680664
27.479223251342773
27.732128143310547
27.526639938354492
26.90229606628418
27.61357307434082
27.65309715270996
27.46341896057129
27.510841369628906
27.479223251342773
27.08407211303711
27.242128372192383
27.803253173828125
27.89809799194336
27.589872360229492
26.767942428588867
27.060361862182617
27.447608947753906
27.66100311279297
27.645185470581055
27.605680465698242
28.00874137878418
27.65309715270996
27.226327896118164
26.862781524658203
26.736330032348633
26.14359474182129
25.163606643676758
24.902799606323242
25.337474822998047
25.82746696472168
25.218923568725586
25.87489128112793
23.51974868774414
23.55136489868164
23.385398864746094
23.440719604492188
23.654104232788086
23.39328956604004
23.662004470825195
23.55927276611328
23.685714721679688
24.515548706054688
24.35748291015625
23.55136489868164
23.391908645629883
23.73473358154297
23.152725219726562
22.977327346801758
22.9693603515625
22.506940841674805
22.498964309692383
22.833816528320312
22.945438385009766
23.495559692382812
23.455690383911133
22.889625549316406
23.399885177612305
22.961381912231445
23.272310256958008
23.615142822265625
23.758655548095703
23.591228485107422
24.213104248046875
24.348636627197266
24.380525588989258
24.420381546020508
24.667545318603516
24.36458396911621
24.611732482910156
24.914691925048828
25.321306228637695
25.058204650878906
25.233598709106445
25.2654972076416
25.4967041015625
26.054790496826172
25.78371810913086
25.76777458190918
25.512645721435547
25.416980743408203
25.43292236328125
25.815614700317383
26.07871437072754
25.79169273376465
25.871421813964844
25.512645721435547
25.43292236328125
25.576425552368164
25.153871536254883
25.2176570892334
25.24954605102539
25.401029586791992
25.616294860839844
25.353193283081055
25.082122802734375
25.233598709106445
25.193742752075195
25.512645721435547
25.488723754882812
25.225635528564453
25.026309967041016
25.03428840637207
25.313331604003906
24.80307960510254
24.141340255737305
24.404449462890625
24.205123901367188
24.004079818725586
24.044292449951172
24.156875610351562
23.963878631591797
24.237293243408203
24.172962188720703
23.93170738220215
24.052330017089844
24.438331604003906
24.108627319335938
24.116668701171875
23.827173233032227
24.245332717895508
24.309661865234375
24.977113723754883
25.242481231689453
25.322904586791992
25.387237548828125
25.403316497802734
25.459606170654297
25.540023803710938
25.427446365356445
25.475692749023438
25.636526107788086
25.644561767578125
25.68477439880371
25.76519203186035
25.869726181030273
25.845603942871094
25.419401168823242
25.483736038208008
25.540023803710938
25.869726181030273
25.990352630615234
25.966228485107422
26.52914047241211
25.37114906311035
24.703697204589844
25.08165168762207
25.67673110961914
26.376344680786133
26.336137771606445
26.27984619140625
26.513057708740234
26.69801139831543
27.34133529663086
27.64691734313965
28.09724235534668
28.153535842895508
28.306318283081055
28.201780319213867
28.185701370239258
28.266115188598633
28.70036506652832
27.558460235595703
27.872081756591797
27.89620018005371
28.217863082885742
28.00878143310547
27.960533142089844
28.032917022705078
28.024866104125977
27.79166603088379
27.751157760620117
28.018535614013672
28.34263038635254
28.39125633239746
28.294017791748047
27.97801971435547
28.09955596923828
28.010427474975586
28.285917282104492
28.52898597717285
28.375043869018555
28.33453369140625
28.553306579589844
28.65052604675293
28.682933807373047
28.480379104614258
28.431760787963867
28.569509506225586
28.804473876953125
28.92601776123047
29.079967498779297
29.185291290283203
29.233917236328125
29.63094139099121
29.54180335998535
29.525609970092773
28.715356826782227
29.233917236328125
28.853092193603516
28.861202239990234
29.622827529907227
30.522218704223633
30.10898208618164
30.092775344848633
30.343965530395508
30.424985885620117
30.133285522460938
29.695756912231445
30.125185012817383
30.335851669311523
30.238622665405273
30.5870418548584
30.51411247253418
30.4168758392334
30.781490325927734
30.846324920654297
30.870630264282227
30.805805206298828
30.1981143951416
30.084684371948242
29.955039978027344
30.343965530395508
30.214326858520508
30.5870418548584
28.772066116333008
28.707244873046875
28.480379104614258
28.569509506225586
28.43986701965332
28.294017791748047
28.204893112182617
28.14818000793457
28.253507614135742
27.969919204711914
28.034740447998047
27.700027465820312
27.43878173828125
28.32046890258789
28.36130142211914
28.36945915222168
28.16536521911621
28.255165100097656
28.149036407470703
28.50008201599121
28.442934036254883
28.589881896972656
28.53273582458496
28.55722427368164
28.96541976928711
28.73682975769043
28.932771682739258
28.98990821838379
28.826641082763672
28.328641891479492
27.561235427856445
27.887792587280273
28.075557708740234
28.344974517822266
28.981752395629883
29.1450252532959
29.19400405883789
29.365455627441406
30.043048858642578
29.83894920349121
30.034883499145508
29.64302635192871
30.11652183532715
30.377771377563477
30.190000534057617
30.149181365966797
30.18183708190918
30.263484954833984
29.904266357421875
29.92876625061035
29.61037254333496
29.879770278930664
29.72465705871582
29.67568016052246
29.781814575195312
29.8879451751709
29.830793380737305
30.165508270263672
29.969575881958008
30.034883499145508
30.043048858642578
30.010395050048828
29.855289459228516
30.157344818115234
30.018558502197266
30.712488174438477
30.859434127807617
30.663509368896484
31.006383895874023
30.549211502075195
30.059375762939453
29.814456939697266
29.945087432861328
30.027297973632812
29.821758270263672
29.88753318786621
29.912206649780273
29.15575408935547
29.057100296020508
29.43531608581543
29.54219627380371
29.640872955322266
29.93686294555664
29.994422912597656
30.027297973632812
29.657304763793945
29.74774932861328
30.0355281829834
30.019084930419922
29.764205932617188
29.54219627380371
29.525747299194336
29.51753807067871
29.24620246887207
29.43531608581543
29.287317276000977
29.45175552368164
29.525747299194336
28.909090042114258
28.925537109375
28.85976219177246
28.892648696899414
28.999540328979492
29.131088256835938
28.810434341430664
29.081756591796875
28.999540328979492
28.909090042114258
29.09820556640625
29.270864486694336
29.24620246887207
29.394195556640625
29.657304763793945
29.731311798095703
29.829978942871094
29.780635833740234
29.62442398071289
29.62442398071289
29.43531608581543
29.385982513427734
29.2955322265625
28.983091354370117
29.172203063964844
29.41065216064453
29.525747299194336
29.74774932861328
29.862863540649414
30.216415405273438
30.315092086791992
30.36441421508789
30.77552032470703
29.723094940185547
29.854646682739258
30.397302627563477
30.6317195892334
30.5240421295166
30.49918556213379
30.267261505126953
30.12643814086914
29.828231811523438
29.56317710876465
29.430635452270508
29.51346778869629
29.670854568481445
29.024763107299805
29.173856735229492
29.322954177856445
29.62944221496582
29.70399284362793
29.91935157775879
30.03532600402832
30.03532600402832
29.96904945373535
29.911081314086914
29.91935157775879
30.08502197265625
30.10158348083496
29.927637100219727
30.03532600402832
30.217561721801758
29.57973861694336
29.596311569213867
29.720563888549805
29.430635452270508
29.248411178588867
29.16556739807129
29.4140682220459
28.87566375732422
28.643726348876953
28.461490631103516
28.320667266845703
28.221275329589844
27.87337303161621
28.328962326049805
27.782251358032227
27.947927474975586
27.715986251831055
28.44492530822754
27.856815338134766
28.06389045715332
27.87337303161621
28.097017288208008
28.370380401611328
28.36209487915039
28.726552963256836
28.55260467529297
28.60230827331543
28.627159118652344
28.784542083740234
28.767972946166992
28.577463150024414
28.718276977539062
28.784542083740234
28.966777801513672
29.248411178588867
29.380945205688477
30.109872817993164
30.35008430480957
30.452743530273438
30.294172286987305
30.402667999267578
30.385976791381836
30.53619384765625
30.160648345947266
29.935314178466797
30.327550888061523
30.043813705444336
29.885242462158203
29.35112953186035
29.21760368347168
29.142492294311523
28.91716957092285
28.925514221191406
28.96723747253418
28.93385887145996
28.91716957092285
28.983928680419922
29.117464065551758
29.26767349243164
29.28436851501465
29.2259464263916
29.8435115814209
29.659914016723633
29.367826461791992
29.851865768432617
30.118921279907227
30.319210052490234
30.444398880004883
30.878358840942383
30.878358840942383
31.070297241210938
30.936782836914062
31.04526710510254
31.028581619262695
31.011878967285156
31.270605087280273
31.329011917114258
31.57103729248047
31.7796688079834
32.580841064453125
32.86458206176758
32.83121109008789
32.989768981933594
33.0732307434082
33.265167236328125
33.089908599853516
32.797821044921875
32.706024169921875
33.10660934448242
33.18171691894531
33.206748962402344
33.590641021728516
33.457115173339844
33.740867614746094
34.07467269897461
34.17483139038086
34.032962799072266
34.50865173339844
37.054039001464844
37.02899169921875
37.96369171142578
38.981842041015625
39.30731964111328
38.673065185546875
39.204463958740234
39.27161407470703
39.204463958740234
38.86866760253906
38.264225006103516
38.40693283081055
38.499290466308594
38.16348648071289
38.322994232177734
37.466705322265625
37.45830535888672
37.72694396972656
37.48348617553711
37.56744384765625
37.34916687011719
37.55065155029297
36.895843505859375
37.643001556396484
37.50868225097656
37.34916687011719
36.46769714355469
36.476104736328125
36.16548538208008
36.392147064208984
36.65238952636719
36.3753547668457
36.383758544921875
36.31658935546875
37.407928466796875
38.835079193115234
39.48989486694336
39.92643356323242
39.254825592041016
39.204463958740234
38.68397521972656
38.70915603637695
38.80150604248047
38.751136779785156
