61.15741729736328
60.71701431274414
60.41379928588867
60.97690963745117
61.30181121826172
61.467872619628906
61.14297103881836
60.457122802734375
61.30181121826172
61.30181121826172
61.82161331176758
62.34864807128906
61.26571273803711
59.64851760864258
60.06724548339844
61.08522033691406
61.61946105957031
62.80348587036133
62.6013298034668
61.98766326904297
62.54358673095703
62.500247955322266
62.651859283447266
63.43880081176758
63.95861053466797
64.16799926757812
64.42792510986328
64.73834228515625
64.96936798095703
65.26537322998047
65.26537322998047
65.07046508789062
65.09932708740234
66.58658599853516
66.62265014648438
66.7237548828125
66.680419921875
66.83204650878906
67.01976776123047
67.29408264160156
67.26522064208984
67.50347137451172
67.69839477539062
68.14601135253906
67.72005462646484
67.7272720336914
67.61898803710938
67.38795471191406
66.680419921875
66.4205322265625
67.14972686767578
65.4819564819336
64.6517333984375
64.52176666259766
65.30148315429688
64.78165435791016
64.11027526855469
63.72038650512695
64.3095932006836
63.669456481933594
62.680206298828125
62.94205093383789
62.971153259277344
62.85478973388672
62.862037658691406
63.21120071411133
63.313053131103516
63.400325775146484
63.69129943847656
64.39686584472656
64.90605926513672
64.74600982666016
64.42596435546875
64.76055908203125
64.78240203857422
65.40068054199219
65.51705932617188
65.2333755493164
64.80420684814453
64.17140197753906
63.34211349487305
63.33484649658203
63.087562561035156
63.0584602355957
63.625831604003906
63.49489974975586
62.978424072265625
63.509429931640625
62.98569869995117
62.27285385131836
62.527442932128906
63.85131072998047
65.06605529785156
65.32067108154297
65.41521453857422
66.27355194091797
66.89913940429688
66.65180969238281
66.33903503417969
67.18281555175781
66.99369812011719
67.175537109375
66.98641204833984
67.20462799072266
67.75018310546875
67.4955825805664
67.36466979980469
67.91749572753906
67.670166015625
67.51013946533203
67.67745971679688
67.4228515625
68.41212463378906
68.58668518066406
68.05569458007812
67.8956527709961
68.31755065917969
68.65943908691406
68.59398651123047
69.0013198852539
69.21227264404297
69.24861907958984
69.76868438720703
70.04703521728516
69.62952423095703
69.5709228515625
69.33653259277344
69.05821228027344
68.83110046386719
68.58206176757812
68.09864044189453
69.1753921508789
69.1753921508789
68.95564270019531
68.201171875
66.77286529541016
66.91203308105469
66.92668914794922
66.4065933227539
67.8569107055664
67.37348175048828
67.45404815673828
67.41011810302734
67.43209838867188
67.78369140625
67.64451599121094
67.60785675048828
67.08781433105469
66.67762756347656
67.27827453613281
67.62985229492188
69.06551361083984
68.97029113769531
69.3877944946289
69.3951416015625
69.21935272216797
69.38047790527344
69.43907165527344
69.32189178466797
69.62952423095703
68.87506866455078
69.08747863769531
67.93016815185547
66.3699951171875
65.8792495727539
65.99641418457031
65.11744689941406
65.55693054199219
64.802490234375
63.56459426879883
63.44738006591797
63.93083953857422
65.00757598876953
65.95245361328125
66.7069320678711
68.09864044189453
67.69577026367188
67.79833221435547
67.94483947753906
67.51264953613281
67.12443542480469
67.66648864746094
67.51892852783203
67.21644592285156
67.21644592285156
67.21644592285156
67.40089416503906
67.96159362792969
67.54843139648438
68.86162567138672
68.30833435058594
68.5296401977539
68.84686279296875
68.94277954101562
68.97228240966797
69.053466796875
68.6108169555664
68.47061920166016
69.29691314697266
69.30430603027344
69.04607391357422
69.43705749511719
70.77242279052734
70.23383331298828
71.84214782714844
71.59868621826172
71.76835632324219
71.88640594482422
72.46924591064453
72.25528717041016
72.46924591064453
72.49136352539062
72.6093978881836
72.2183837890625
72.34379577636719
73.00039672851562
71.22242736816406
71.46591186523438
71.66507720947266
73.18484497070312
72.85284423828125
73.00779724121094
73.77506256103516
73.9078369140625
73.93736267089844
73.74554443359375
73.62013244628906
74.76361083984375
74.5349349975586
74.72673797607422
74.16605377197266
73.26600646972656
73.77506256103516
73.41355895996094
74.4464111328125
74.14392852783203
74.4464111328125
74.15870666503906
74.5275650024414
74.41690063476562
74.28408813476562
74.2029800415039
74.24720764160156
73.9594955444336
74.6161117553711
75.00240325927734
75.01724243164062
74.8909683227539
74.5120849609375
74.85379791259766
75.37384033203125
75.90127563476562
76.1167221069336
76.28013610839844
76.68132781982422
76.65160369873047
76.68132781982422
77.33506774902344
76.75560760498047
76.16873168945312
76.16873168945312
76.10930633544922
75.72300720214844
76.37675476074219
77.11962890625
78.20426177978516
77.81795501708984
77.6990966796875
78.56828308105469
78.486572265625
77.99624633789062
77.72138214111328
78.64998626708984
78.64254760742188
78.3156967163086
79.09574890136719
78.5385513305664
78.77627563476562
78.5979995727539
78.07796478271484
78.28599548339844
76.72591400146484
75.93846130371094
74.56410217285156
75.6264419555664
75.23268127441406
76.12415313720703
75.91614532470703
75.9235610961914
75.8567123413086
75.8567123413086
75.74528503417969
75.99787139892578
74.35606384277344
74.2149429321289
74.40808868408203
74.15548706054688
74.81668853759766
74.2371826171875
75.09153747558594
75.15098571777344
74.75720977783203
75.58184051513672
75.78984832763672
75.15840148925781
76.2950210571289
76.48817443847656
76.67387390136719
77.40193939208984
77.11026000976562
77.20747375488281
77.36454772949219
77.19998931884766
76.99805450439453
77.58142852783203
77.30467987060547
77.6038818359375
77.66370391845703
78.0975112915039
77.82077026367188
77.63378143310547
78.5238037109375
78.19471740722656
78.21717071533203
78.32186889648438
79.1894302368164
79.42131805419922
80.28889465332031
80.76754760742188
80.68525695800781
80.37116241455078
81.25370788574219
80.10193634033203
80.10193634033203
79.6830825805664
79.72046661376953
78.00774383544922
77.67115783691406
78.62853240966797
78.42658996582031
76.57921600341797
78.46394348144531
76.34738159179688
75.71166229248047
74.13352966308594
72.5554428100586
73.45294189453125
72.38337707519531
73.81941223144531
74.1933822631836
75.06096649169922
75.70414733886719
76.75872802734375
77.1326904296875
77.83572387695312
78.37421417236328
78.95012664794922
80.05703735351562
80.6104965209961
80.37116241455078
81.23876190185547
81.38834381103516
81.53044128417969
80.92464447021484
81.38834381103516
81.45565795898438
81.33596801757812
81.57533264160156
80.89469909667969
80.99942016601562
81.39582061767578
81.34349060058594
80.90966033935547
81.19574737548828
80.45799255371094
80.3224868774414
80.70642852783203
81.48932647705078
81.32369232177734
81.68505859375
81.09033966064453
80.96987915039062
81.68505859375
81.69255065917969
81.33875274658203
79.97621154785156
80.33755493164062
78.61366271972656
78.25984954833984
77.35649108886719
78.3426513671875
80.40528869628906
79.45679473876953
80.35258483886719
78.5007553100586
78.73411560058594
79.08789825439453
79.29115295410156
79.31375885009766
78.71903991699219
78.68138885498047
78.13186645507812
77.74793243408203
79.46430969238281
80.0891342163086
78.99756622314453
78.72657775878906
78.86209106445312
78.28999328613281
77.15323638916016
78.32008361816406
76.24991607666016
76.70911407470703
78.10929107666016
76.9349365234375
76.98013305664062
76.85211944580078
76.39293670654297
77.07044982910156
75.38422393798828
75.90361785888672
77.13066864013672
76.30259704589844
77.13066864013672
76.10688781738281
75.1131820678711
75.54228210449219
75.56487274169922
74.10446166992188
74.99275970458984
75.61006164550781
75.24870300292969
75.80577087402344
76.00283813476562
75.94219207763672
76.33641815185547
76.72299194335938
77.9283218383789
77.70850372314453
78.2467041015625
77.57962799072266
77.05655670166016
77.71605682373047
75.88915252685547
76.30606842041016
75.44947052001953
74.5322265625
75.6768798828125
75.2068862915039
76.60929870605469
75.72235870361328
76.91253662109375
77.08690643310547
77.62507629394531
78.06477355957031
77.29154968261719
76.06349182128906
75.91189575195312
76.06349182128906
76.98075103759766
76.26058959960938
75.16141510009766
75.53286743164062
75.16899108886719
75.88158416748047
75.92704772949219
76.8139877319336
77.36734771728516
76.22269439697266
76.19994354248047
76.26058959960938
75.64655303955078
75.48737335205078
75.9649658203125
76.0331802368164
76.1317367553711
76.15446472167969
76.62446594238281
76.24545288085938
76.36671447753906
76.1014175415039
75.19930267333984
75.904296875
76.07107543945312
75.42671966552734
75.17656707763672
75.54802703857422
76.92011260986328
76.58656311035156
76.16204833984375
76.22269439697266
77.19300079345703
77.54930114746094
78.3983154296875
78.80768585205078
78.5347671508789
78.20641326904297
77.38939666748047
76.98468017578125
77.22140502929688
77.2366714477539
76.4654541015625
76.38909912109375
76.34329223632812
76.42727661132812
75.77059173583984
75.28189849853516
74.80084228515625
74.99174499511719
75.50334167480469
75.77821350097656
75.09864044189453
74.44193267822266
75.10627746582031
75.38882446289062
76.63345336914062
76.25164794921875
76.42727661132812
76.1905517578125
75.84693908691406
75.6866226196289
76.08365631103516
74.58704376220703
74.4190444946289
75.19024658203125
75.16737365722656
74.98408508300781
75.53389739990234
74.65576934814453
75.13681030273438
75.9996566772461
76.564697265625
76.1905517578125
76.67925262451172
77.20613861083984
76.41963958740234
76.6410903930664
76.61815643310547
76.49598693847656
76.51126098632812
75.7094955444336
75.04519653320312
75.61023712158203
76.15238189697266
76.23639678955078
76.51890563964844
76.37384033203125
76.20584869384766
76.755615234375
75.64840698242188
75.48043823242188
76.19819641113281
75.60261535644531
75.37353515625
75.19791412353516
75.44986724853516
76.25927734375
75.87751770019531
75.83167266845703
75.43460845947266
73.52642822265625
71.41820526123047
69.81012725830078
73.1801986694336
74.03424835205078
73.22634887695312
72.31076049804688
70.85652923583984
71.82600402832031
71.27970886230469
70.25636291503906
72.27997589111328
70.95655059814453
71.34127044677734
71.50283813476562
71.80291748046875
72.63390350341797
72.79547119140625
72.9724349975586
71.85677337646484
71.6567153930664
71.74137115478516
71.54901123046875
71.15660095214844
70.0178451538086
70.30255126953125
71.58747863769531
71.82600402832031
71.68751525878906
72.27226257324219
72.9109115600586
71.87983703613281
73.08018493652344
73.1571044921875
73.38026428222656
73.85728454589844
73.4417953491211
72.73393249511719
74.74983978271484
75.58849334716797
75.357666015625
75.08838653564453
75.11914825439453
76.58106231689453
77.18120574951172
76.89654541015625
77.0888671875
77.3120346069336
77.99679565429688
77.73519897460938
78.61235809326172
78.45076751708984
78.43538665771484
78.73545837402344
78.41999053955078
77.58900451660156
78.05835723876953
78.37384033203125
77.15043640136719
76.85037994384766
77.88137817382812
78.0968246459961
78.9970703125
78.85853576660156
79.4321517944336
79.65692138671875
79.09109497070312
79.02908325195312
79.34687805175781
78.47100830078125
79.33914184570312
79.09883117675781
78.12222290039062
79.79643249511719
80.08322143554688
79.38561248779297
79.17633056640625
79.55613708496094
78.81205749511719
79.17633056640625
80.71104431152344
81.5791244506836
80.33123779296875
79.02132415771484
78.73454284667969
79.61042022705078
80.21500396728516
80.39324951171875
80.0057144165039
80.63353729248047
80.43978118896484
79.61815643310547
77.8819580078125
78.20747375488281
77.81220245361328
76.90533447265625
76.0837173461914
75.62640380859375
76.14570617675781
75.20010375976562
76.64952087402344
75.18460083007812
75.5721435546875
74.21572875976562
74.36299133300781
74.99080657958984
74.71952056884766
78.42449188232422
79.18409729003906
79.26936340332031
80.95133972167969
80.89706420898438
80.15300750732422
80.71878814697266
80.53278350830078
77.92842864990234
79.06009674072266
79.03681182861328
78.85082244873047
78.82752990722656
78.92056274414062
79.30811309814453
79.44764709472656
80.79630279541016
81.31940460205078
81.78001403808594
81.25694274902344
81.94395446777344
83.05256652832031
82.58414459228516
82.13911437988281
83.70836639404297
83.56784057617188
83.26336669921875
83.14627838134766
83.33363342285156
82.92768096923828
83.41168975830078
83.64592742919922
84.0909194946289
84.05189514160156
84.12996673583984
83.85672760009766
83.33363342285156
83.92700958251953
83.75523376464844
83.83328247070312
84.70768737792969
84.55936431884766
84.49689483642578
85.20735931396484
85.08245849609375
84.47349548339844
85.24639129638672
84.7779541015625
85.05901336669922
85.42597198486328
85.308837890625
85.1761245727539
85.07463073730469
85.56648254394531
85.77729797363281
85.75384521484375
86.01927947998047
86.60484313964844
87.97108459472656
88.6737289428711
88.6659164428711
88.47077178955078
88.61907958984375
88.15067291259766
88.04132080078125
87.81494903564453
87.50265502929688
88.02572631835938
87.97891235351562
87.61195373535156
88.1272201538086
88.01791381835938
88.78306579589844
89.52471160888672
89.2905044555664
89.18119049072266
88.65811920166016
89.34513854980469
88.86891174316406
88.68152618408203
88.10381317138672
88.56771850585938
88.19031524658203
88.6070327758789
89.12598419189453
88.77214813232422
88.89795684814453
88.6070327758789
88.67781066894531
90.0223617553711
90.23467254638672
91.02881622314453
90.99735260009766
91.05238342285156
91.99596405029297
92.00381469726562
91.83081817626953
92.09029388427734
91.53205108642578
91.71286010742188
90.8008041381836
91.63424682617188
91.35118865966797
91.57133483886719
92.29473114013672
90.91873168945312
91.64212799072266
92.96309661865234
93.8280029296875
95.37702178955078
95.36913299560547
96.13969421386719
96.43061828613281
96.32843017578125
96.59574127197266
96.65864562988281
96.65079498291016
96.71369171142578
96.855224609375
96.71369171142578
96.82378387451172
98.48284912109375
98.39635467529297
98.40421295166016
98.30986785888672
98.19976806640625
98.40421295166016
98.10541534423828
97.8616714477539
98.46713256835938
98.6008071899414
98.16835021972656
97.42135620117188
97.38990783691406
97.68870544433594
97.22479248046875
97.05179595947266
96.99674987792969
97.31912231445312
96.88668060302734
96.17115783691406
94.6142807006836
95.3848648071289
94.92093658447266
94.92094421386719
94.29562377929688
94.54102325439453
93.96320343017578
93.85238647460938
94.22439575195312
94.92094421386719
94.56478118896484
94.46186065673828
94.25605010986328
94.44602966308594
94.78638458251953
94.67556762695312
94.56478118896484
93.583251953125
94.31938171386719
93.09249877929688
93.2903823852539
93.89986419677734
93.59908294677734
93.13208770751953
93.36161041259766
94.12149047851562
94.55684661865234
94.04235076904297
93.22705078125
94.36686706542969
94.50142669677734
92.82339477539062
93.50408935546875
94.04235076904297
94.0502700805664
94.33522033691406
93.9948501586914
94.38270568847656
94.82598114013672
93.11622619628906
93.3774642944336
93.60700988769531
93.05294036865234
93.7890625
91.35112762451172
90.70205688476562
90.9236831665039
89.79178619384766
89.92634582519531
90.20340728759766
90.67829132080078
91.5806655883789
91.28778839111328
91.81018829345703
91.29570007324219
90.91577911376953
91.0503158569336
91.11365509033203
92.34053802490234
92.64923095703125
95.2296371459961
94.62017059326172
93.77323150634766
92.29305267333984
92.07141876220703
92.10307312011719
92.26930236816406
91.9425277709961
91.65560913085938
89.85437774658203
90.11739349365234
90.96221160888672
90.16522216796875
89.64717102050781
88.70667266845703
88.77042388916016
89.23271942138672
89.2167739868164
89.31243133544922
88.54731750488281
88.45960998535156
89.47180938720703
91.9425277709961
92.3649673461914
91.64765167236328
92.3649673461914
92.35697174072266
92.46855163574219
92.18163299560547
91.90266418457031
92.00628662109375
92.42073822021484
92.3808822631836
91.73531341552734
92.04611206054688
91.8229751586914
92.32508087158203
92.17366790771484
93.13804626464844
92.69171142578125
92.67576599121094
92.58014678955078
91.44041442871094
91.3527603149414
91.33680725097656
91.55199432373047
91.41651153564453
91.01799011230469
90.97814178466797
90.78688049316406
89.07331085205078
89.90219116210938
89.13705444335938
90.36444854736328
90.16522216796875
90.2608413696289
90.24491119384766
90.51588439941406
90.57167053222656
90.38041687011719
90.44416809082031
90.38041687011719
90.92236328125
91.84687042236328
92.35697174072266
92.73951721191406
93.40901947021484
94.11039733886719
94.73207092285156
95.3696517944336
95.2580795288086
96.99553680419922
98.4637222290039
98.19895935058594
98.04652404785156
99.37029266357422
99.18575286865234
99.31414794921875
99.24995422363281
99.3462142944336
99.5628433227539
101.04705810546875
101.2556381225586
101.6327133178711
101.9295654296875
103.4619369506836
103.06078338623047
102.73986053466797
102.74789428710938
102.09001159667969
101.29578399658203
101.0069351196289
100.66999816894531
100.92672729492188
100.81439208984375
100.22071075439453
100.0121078491211
99.92388153076172
100.03618621826172
100.02815246582031
100.12443542480469
100.32501220703125
100.22071075439453
99.75540161132812
99.65910339355469
100.6058120727539
100.27684783935547
100.86255645751953
97.73363494873047
97.37261962890625
97.77377319335938
97.68550109863281
98.59208679199219
99.02532196044922
99.0895004272461
99.27401733398438
99.05741119384766
98.953125
99.24192810058594
98.94509887695312
99.44249725341797
99.0895004272461
98.88090515136719
98.84879302978516
98.52788543701172
98.84078979492188
99.19377899169922
101.8814468383789
102.5072021484375
101.62469482421875
101.86536407470703
101.88945770263672
102.09803771972656
102.306640625
102.29861450195312
102.99315643310547
102.50052642822266
102.65396881103516
103.57462310791016
104.0026626586914
105.05252838134766
105.27867126464844
105.65824127197266
105.59361267089844
105.43211364746094
106.2235336303711
106.457763671875
106.61927795410156
107.2249755859375
107.4430160522461
108.5009994506836
108.27485656738281
108.39599609375
108.95323181152344
109.87390899658203
110.1807861328125
110.10810089111328
109.03399658203125
108.07293701171875
107.11996459960938
106.83731842041016
107.32994842529297
107.92758178710938
107.02307891845703
107.03922271728516
106.23970031738281
105.98124694824219
106.78886413574219
106.49005889892578
107.08766174316406
106.7242431640625
108.58983612060547
109.19551849365234
110.29386901855469
109.27626037597656
107.41879272460938
106.50618743896484
105.75513458251953
105.65824127197266
106.48198699951172
107.1845932006836
107.0149917602539
106.73233795166016
107.6933822631836
107.5560531616211
107.29766082763672
106.82117462158203
107.596435546875
107.48339080810547
107.4914779663086
107.79835510253906
107.71762084960938
108.35560607910156
107.4430160522461
107.11190795898438
107.77415466308594
108.78365325927734
107.24919891357422
107.3218765258789
107.02115631103516
107.06993865966797
107.45191955566406
106.525390625
107.58196258544922
106.49288177490234
105.5744857788086
106.2002944946289
107.4356689453125
106.45225524902344
108.26468658447266
107.79327392578125
107.64697265625
109.0530014038086
109.27243041992188
110.0282974243164
109.89826965332031
108.27278137207031
107.07804870605469
106.78546905517578
106.60669708251953
106.41971588134766
105.45259857177734
105.22504425048828
105.66386413574219
106.6473159790039
107.36254119873047
108.00456237792969
108.24840545654297
108.27278137207031
108.459716796875
108.82544708251953
111.06047058105469
111.20677185058594
110.88168334960938
110.6297378540039
114.4251708984375
114.3357925415039
115.44112396240234
115.73370361328125
116.72522735595703
115.11600494384766
115.70118713378906
115.25419616699219
115.22980499267578
113.78313446044922
113.3036117553711
113.76689910888672
113.72627258300781
113.84817504882812
113.58805847167969
113.59620666503906
114.85594177246094
114.06759643554688
113.42552947998047
113.58805847167969
113.36863708496094
113.0516586303711
112.86473083496094
112.15766143798828
112.10078430175781
112.43399810791016
111.58061981201172
112.16580200195312
112.92628479003906
114.4963150024414
114.32456970214844
113.93208312988281
114.46357727050781
113.6703872680664
114.2100601196289
115.34671020507812
114.48810577392578
114.96238708496094
115.41212463378906
116.60598754882812
116.8431167602539
115.82914733886719
116.49150085449219
115.95179748535156
115.9354476928711
115.42847442626953
115.34671020507812
114.57805633544922
114.55351257324219
114.946044921875
114.93785858154297
114.25098419189453
