39.468318939208984
39.142364501953125
38.410789489746094
38.75124740600586
39.3089714050293
39.3741455078125
38.74398422241211
38.51945114135742
39.23653030395508
38.48323059082031
39.00474166870117
39.19306945800781
38.78744125366211
38.012413024902344
37.635765075683594
36.88248062133789
37.72268295288086
38.02690887451172
38.497718811035156
38.23697280883789
38.019657135009766
38.5230827331543
38.50120162963867
39.391319274902344
39.90933609008789
40.04798126220703
40.004188537597656
40.23037338256836
40.10633850097656
40.04798126220703
40.13551330566406
40.32521057128906
41.127769470214844
40.97455978393555
41.26639938354492
41.34666061401367
41.317474365234375
41.22263717651367
40.894309997558594
40.63163757324219
40.36899948120117
40.660823822021484
41.25180435180664
41.215335845947266
40.9307746887207
40.48572540283203
40.34709930419922
40.004188537597656
39.77801513671875
39.464263916015625
39.610191345214844
39.508052825927734
38.8806037902832
38.8806037902832
37.81536865234375
38.02695846557617
37.66944885253906
38.092620849609375
38.17288589477539
37.793479919433594
36.91795349121094
36.90336990356445
36.99093246459961
36.86689376831055
37.304649353027344
37.844566345214844
38.019657135009766
38.347991943359375
38.56686782836914
39.1578483581543
38.85869598388672
38.11451721191406
38.369869232177734
38.771156311035156
38.73466491699219
38.9681510925293
38.48661422729492
38.5230827331543
37.54542541503906
36.713687896728516
37.72053527832031
37.85913848876953
38.11451721191406
37.71323013305664
37.91022872924805
38.285057067871094
38.174808502197266
38.71135330200195
38.09396743774414
37.38838195800781
37.30018615722656
38.60110855102539
38.593753814697266
38.740745544433594
38.446746826171875
39.688865661621094
39.843223571777344
39.90937042236328
39.8873176574707
39.409576416015625
38.77016067504883
38.57170104980469
38.784847259521484
38.71870422363281
38.75545883178711
38.659908294677734
37.88081741333008
38.593753814697266
38.248313903808594
38.182159423828125
38.29240036010742
37.961673736572266
39.65947723388672
39.762359619140625
39.666831970214844
39.79177474975586
39.98286819458008
40.32830810546875
40.96772766113281
41.269081115722656
41.232322692871094
42.05551528930664
42.231895446777344
42.37154006958008
42.01874542236328
42.24660110473633
42.05551528930664
41.87911605834961
41.79091262817383
42.03345489501953
41.02653503417969
41.20293426513672
41.53367233276367
41.67331314086914
41.21027755737305
41.38667678833008
41.283782958984375
41.467525482177734
40.953025817871094
42.07019805908203
42.06285095214844
42.408302307128906
42.805179595947266
42.81254577636719
42.775787353515625
42.731685638427734
42.592041015625
42.981563568115234
43.06295394897461
43.39585494995117
43.64738082885742
43.14433288574219
43.55120849609375
43.46983337402344
43.27009582519531
42.68566131591797
42.71525955200195
44.00988006591797
43.63998794555664
42.988975524902344
43.033363342285156
42.604286193847656
41.77573776245117
40.75482177734375
40.75482177734375
41.235679626464844
41.0803337097168
41.42802810668945
40.95457077026367
40.17778778076172
40.6512451171875
40.84359359741211
41.78313064575195
41.88669967651367
41.9754638671875
42.48591995239258
42.55250930786133
42.92979049682617
43.01856231689453
43.27009582519531
42.36014938354492
42.59688186645508
42.61908721923828
42.92979049682617
42.19001388549805
41.98286437988281
41.938480377197266
42.03465270996094
41.583377838134766
42.36014938354492
43.02596664428711
43.573394775390625
43.94330596923828
43.79534149169922
43.04815673828125
42.84840774536133
42.4785270690918
42.01984786987305
42.59688186645508
42.951988220214844
43.1295280456543
44.46854782104492
44.512935638427734
45.17874526977539
45.075172424316406
44.31319046020508
44.327980041503906
44.41676330566406
44.912418365478516
44.882835388183594
45.02427673339844
45.15827178955078
44.52548599243164
43.9224853515625
43.81081008911133
44.12348937988281
42.731361389160156
41.16802215576172
40.9149169921875
40.79580307006836
41.13825225830078
41.10847091674805
40.96702194213867
41.54768371582031
41.72636795043945
41.830589294433594
41.4658088684082
41.30947494506836
41.76359558105469
41.67425537109375
41.48068618774414
41.37646484375
40.36402130126953
39.70890808105469
40.23746109008789
40.4682502746582
40.20768737792969
40.68413543701172
40.661800384521484
40.4682502746582
39.83546447753906
39.68656539916992
40.07368850708008
39.99179458618164
40.28956985473633
40.60969543457031
40.59479522705078
41.04890441894531
41.27969741821289
41.48068618774414
41.3690299987793
41.20525360107422
41.391361236572266
41.4509162902832
42.158145904541016
42.4112548828125
42.74626159667969
43.10359191894531
42.63459014892578
42.463375091552734
42.463375091552734
42.33681106567383
42.74626159667969
43.014259338378906
42.65692138671875
42.84302520751953
43.31948471069336
42.74626159667969
42.828155517578125
42.723934173583984
42.828155517578125
42.89514923095703
43.157535552978516
42.70773696899414
42.7677116394043
42.48283386230469
41.800655364990234
41.99556350708008
41.65072250366211
41.83063888549805
42.19797897338867
43.682289123535156
44.012142181396484
43.37493896484375
43.65229415893555
43.659793853759766
43.982147216796875
44.22954177856445
44.356971740722656
44.23704147338867
44.371971130371094
43.95964813232422
44.16205596923828
43.23249435424805
42.34041213989258
42.467838287353516
42.02555465698242
42.15299987792969
41.913089752197266
42.235450744628906
42.220462799072266
42.24293899536133
42.52031707763672
42.71523666381836
42.542808532714844
42.90264892578125
43.15003204345703
43.21000671386719
43.854705810546875
43.84720230102539
44.484405517578125
44.78426742553711
44.67182540893555
44.3494758605957
44.56687545776367
44.7318115234375
44.75428771972656
44.76178741455078
44.911712646484375
44.8967170715332
44.274505615234375
44.39445495605469
44.79927062988281
45.00166702270508
44.93421173095703
44.97168731689453
45.21158218383789
45.96872329711914
45.81129455566406
45.66136932373047
45.683860778808594
46.201114654541016
45.09162521362305
45.39899826049805
45.226566314697266
45.15909957885742
44.80677032470703
44.40677261352539
45.50864028930664
45.41807174682617
44.73129653930664
45.58411407470703
44.58790588378906
44.16526412963867
43.893577575683594
43.76527786254883
41.9087028503418
41.569091796875
42.414344787597656
42.7388801574707
43.719993591308594
43.35774230957031
43.8181037902832
44.331302642822266
44.255828857421875
45.002994537353516
44.74638366699219
44.82184600830078
45.64449691772461
45.94636535644531
45.47089767456055
46.1501350402832
46.210514068603516
46.39164352416992
46.73881912231445
46.31616973876953
45.704872131347656
45.455806732177734
45.49353790283203
45.56901550292969
45.682228088378906
45.73505783081055
45.37278366088867
45.62184524536133
46.006744384765625
45.50864028930664
45.53883361816406
45.40298843383789
45.282230377197266
46.09731674194336
46.444480895996094
46.323726654052734
47.3199348449707
47.297279357910156
47.13125991821289
45.79542922973633
46.14258575439453
45.31242370605469
44.648277282714844
44.09734344482422
45.10865020751953
46.39917755126953
46.73881912231445
46.7463493347168
47.15388870239258
47.15388870239258
47.20671844482422
47.516151428222656
47.6595458984375
47.229366302490234
47.46485137939453
45.99127960205078
44.79877853393555
44.86714172363281
45.869747161865234
45.07221603393555
44.68484115600586
44.69244384765625
43.15053176879883
41.76815414428711
42.48212432861328
42.315025329589844
42.45173645019531
43.742984771728516
43.05179977416992
43.12014389038086
42.68720626831055
41.58584976196289
42.28464126586914
41.304805755615234
42.13273239135742
43.082176208496094
42.82393264770508
43.12014389038086
43.970855712890625
43.917686462402344
44.403812408447266
44.3354377746582
45.246910095214844
45.3228759765625
45.64949035644531
45.095001220703125
44.98866271972656
45.42161178588867
45.07981491088867
46.19636154174805
46.43941879272461
46.77362823486328
46.54575729370117
46.91793441772461
47.06985855102539
47.191383361816406
47.092647552490234
46.249534606933594
46.712867736816406
45.543148040771484
45.755828857421875
46.61411666870117
46.33308792114258
46.97870635986328
46.796417236328125
46.902748107910156
46.4849967956543
46.902748107910156
46.43941879272461
45.92291259765625
45.27730178833008
45.2241325378418
45.231727600097656
46.302696228027344
46.01407241821289
45.83822250366211
46.274024963378906
46.23580551147461
46.526363372802734
46.67927932739258
47.000404357910156
47.17626953125
47.45917510986328
48.200843811035156
49.09543991088867
48.78960037231445
48.04793930053711
48.3537712097168
47.64268493652344
48.124385833740234
48.017333984375
47.86442565917969
47.66562271118164
47.98676300048828
48.629032135009766
48.369056701660156
48.63667297363281
49.48539352416992
49.24070358276367
48.87369918823242
49.317176818847656
50.074134826660156
50.043540954589844
49.974735260009766
50.09707260131836
50.50231170654297
50.3723258972168
50.78521728515625
51.23633575439453
50.83109664916992
50.96107864379883
50.82345199584961
50.25762939453125
50.82345199584961
50.61701583862305
50.29586410522461
50.52526092529297
50.47936248779297
50.99930191040039
50.71640396118164
51.54981231689453
51.14458084106445
51.3663330078125
52.19210433959961
52.390907287597656
52.18445587158203
51.985652923583984
52.27620315551758
52.10034942626953
52.589691162109375
52.054473876953125
52.72732162475586
53.33135223388672
52.77320861816406
52.49030685424805
52.71968078613281
51.381622314453125
51.809791564941406
52.387001037597656
51.96370315551758
51.81748580932617
51.40960693359375
50.35523986816406
50.87858200073242
51.60200119018555
52.402374267578125
53.13351058959961
53.248939514160156
53.53371047973633
53.26435470581055
53.30282211303711
53.1796875
53.93391799926758
53.59527587890625
53.0334587097168
52.340816497802734
52.371604919433594
53.056541442871094
53.13351058959961
52.74100875854492
52.74100875854492
52.68714904785156
52.89493179321289
52.52552795410156
52.371604919433594
53.0180778503418
52.510135650634766
51.74821472167969
51.98680877685547
52.248477935791016
52.387001037597656
52.494747161865234
52.025272369384766
50.74772644042969
48.94686508178711
46.36869430541992
46.10702133178711
48.41584014892578
49.624114990234375
49.35475540161133
49.3316650390625
47.29222106933594
48.15416717529297
48.238826751708984
47.330692291259766
48.60823059082031
47.854034423828125
48.22343826293945
48.14646530151367
48.00794219970703
48.93146896362305
49.362449645996094
48.21575164794922
46.899715423583984
47.29222106933594
46.87662887573242
46.66883087158203
46.34560012817383
47.30759811401367
46.160888671875
46.05315017700195
46.92280197143555
47.26913070678711
47.13734436035156
48.075294494628906
48.09855270385742
48.16055679321289
48.16055679321289
48.005523681640625
47.84274673461914
47.71095657348633
46.5017204284668
47.97451400756836
48.393104553222656
48.230323791503906
48.46287536621094
48.106292724609375
48.98221969604492
49.50933074951172
49.5325813293457
49.33104705810547
50.772830963134766
50.54804992675781
49.80388641357422
50.80384063720703
50.9898796081543
51.044151306152344
51.50148391723633
53.067298889160156
52.237892150878906
52.462684631347656
52.206871032714844
51.16041564941406
50.81935119628906
51.55573654174805
51.26118469238281
52.28438949584961
52.44718551635742
52.35416030883789
51.84254837036133
51.76503372192383
51.82704544067383
52.067352294921875
51.68752670288086
52.408416748046875
51.67201614379883
51.00538635253906
52.62547302246094
51.935577392578125
51.129417419433594
50.741851806640625
50.85811996459961
49.66436004638672
49.81938552856445
51.2379264831543
52.346405029296875
51.37745666503906
49.92015075683594
50.80384063720703
50.9123649597168
51.726280212402344
51.62550735473633
51.45497512817383
51.98983383178711
51.61775588989258
51.18367004394531
49.646366119384766
49.73221206665039
49.0142822265625
47.032161712646484
45.97867965698242
45.908451080322266
46.0098991394043
44.74571990966797
45.41682815551758
44.5116081237793
44.488197326660156
43.31767272949219
43.11477279663086
44.44137954711914
43.43471145629883
44.5428352355957
44.5116081237793
44.69889450073242
46.43128204345703
45.931861877441406
44.503807067871094
44.80033874511719
45.57290267944336
45.0656623840332
44.121437072753906
43.85611343383789
43.32546615600586
41.41358947753906
44.86277770996094
45.533878326416016
45.86162567138672
45.11248779296875
45.12029266357422
45.7055549621582
43.7936897277832
43.80929183959961
44.488197326660156
44.90180206298828
43.93414306640625
46.19719314575195
46.63418197631836
46.79024887084961
46.86048126220703
46.77464294433594
45.86943435668945
46.134765625
45.736778259277344
46.30644607543945
46.134765625
46.19719314575195
45.97867965698242
45.84601974487305
47.196041107177734
47.180442810058594
47.00874710083008
46.77464294433594
46.41568374633789
46.3532600402832
46.064517974853516
46.59516143798828
46.21279525756836
46.72001647949219
46.53922653198242
45.87885665893555
46.23262405395508
45.06128692626953
45.39144515991211
45.753074645996094
46.602108001708984
48.5753059387207
49.2042121887207
48.63819122314453
48.95264434814453
49.77809143066406
50.50133514404297
49.99819564819336
50.28908920288086
49.99819564819336
50.25762939453125
50.39913558959961
49.99819564819336
49.683746337890625
50.14757537841797
49.18062210083008
48.4023551940918
48.14292526245117
48.425941467285156
48.11934280395508
48.77183151245117
48.591026306152344
48.5595817565918
48.11147689819336
48.47310256958008
48.47310256958008
50.34410095214844
49.8331184387207
49.92745590209961
49.88814926147461
50.73717498779297
51.50759506225586
51.12239074707031
51.43682861328125
51.311038970947266
51.6412353515625
51.735572814941406
50.815792083740234
51.31892013549805
51.14595413208008
51.295326232910156
50.902252197265625
50.18688201904297
49.738773345947266
48.803279876708984
48.71681213378906
48.9133415222168
48.960514068603516
49.03125762939453
49.48720932006836
49.29854202270508
50.35197067260742
46.853660583496094
45.28926086425781
46.790771484375
48.11147689819336
48.85043716430664
48.53355407714844
47.17879104614258
47.68583679199219
47.99481964111328
48.985137939453125
49.333717346191406
50.07051467895508
50.03883361816406
50.79940414428711
50.846923828125
50.67263412475586
50.59341049194336
50.64886474609375
50.4587287902832
50.73601150512695
50.60133743286133
50.807315826416016
50.96575927734375
50.78355026245117
50.68056869506836
50.54587173461914
50.42703628540039
51.227210998535156
51.14798355102539
52.526519775390625
52.368064880371094
52.18585205078125
51.71841812133789
51.86101150512695
51.7501106262207
52.06699752807617
52.059078216552734
52.20167541503906
52.249210357666016
52.17792510986328
52.1303825378418
52.106624603271484
52.249210357666016
52.34429168701172
52.4631233215332
53.041473388671875
53.47722244262695
53.47722244262695
53.24747085571289
53.469295501708984
53.42969512939453
53.20785903930664
53.27915573120117
52.803810119628906
53.128631591796875
52.70872116088867
52.60572814941406
52.79588317871094
52.1462287902832
52.439361572265625
52.65327835083008
52.95433044433594
53.390071868896484
53.27915573120117
52.114532470703125
52.57404327392578
52.85135269165039
52.01155471801758
52.756256103515625
52.6928825378418
53.14775466918945
54.017601013183594
54.1612434387207
54.352760314941406
54.77570343017578
54.512351989746094
54.36869430541992
54.05747985839844
53.88192367553711
53.602622985839844
54.02555847167969
54.54428482055664
54.47246170043945
54.6559944152832
54.95924377441406
54.90338134765625
55.1667366027832
55.24653244018555
55.1507682800293
55.27046203613281
55.03904724121094
54.80763244628906
54.568214416503906
54.07344055175781
55.765228271484375
55.88493347167969
58.45454406738281
61.16779327392578
61.1997184753418
63.45011520385742
63.330413818359375
61.766319274902344
62.261077880859375
62.013702392578125
62.2850341796875
62.66804122924805
62.931419372558594
62.907466888427734
62.50048065185547
62.979286193847656
63.976806640625
65.26959228515625
65.11795806884766
66.44266510009766
66.78582763671875
67.08905029296875
67.9269790649414
68.22221374511719
67.61576843261719
67.63970184326172
67.61576843261719
68.62922668457031
67.78334045410156
68.17435455322266
69.05215454101562
69.22774505615234
69.33946990966797
69.46714782714844
69.5309829711914
69.02824401855469
68.54144287109375
68.86066436767578
69.61078643798828
69.73918151855469
69.09722137451172
69.10527801513672
69.1534194946289
69.35400390625
69.87559509277344
69.20155334472656
69.57067108154297
67.04301452636719
67.35595703125
66.84239196777344
67.13931274414062
67.1714096069336
67.98184967041016
69.03305053710938
69.61077880859375
69.75521087646484
69.03305053710938
67.90962219238281
68.16641235351562
67.87754821777344
69.95584106445312
69.62683868408203
69.58670806884766
68.97686767578125
69.97187042236328
69.81141662597656
70.73417663574219
71.86563110351562
72.69209289550781
72.64397430419922
72.40326690673828
73.02914428710938
73.06925201416016
73.12543487548828
72.48345947265625
72.563720703125
72.7161865234375
75.10743713378906
73.93587493896484
74.46548461914062
73.75934600830078
73.35014343261719
73.18961334228516
73.478515625
73.24578857421875
73.30998992919922
73.43035888671875
73.60690307617188
73.53467559814453
72.76433563232422
72.24275970458984
70.12435913085938
70.23668670654297
70.12435913085938
70.0440902709961
70.00397491455078
71.09528350830078
70.83049011230469
71.44032287597656
70.4854507446289
70.22867584228516
70.46271514892578
69.5588150024414
69.79286193847656
69.55076599121094
69.30862426757812
69.18757629394531
68.92125701904297
68.11421203613281
69.29248809814453
68.72757720947266
68.1626205444336
69.04230499267578
68.21105194091797
70.61604309082031
71.22938537597656
71.3665771484375
70.70481872558594
70.21253204345703
70.26094055175781
69.80901336669922
70.21253204345703
70.29322052001953
70.21253204345703
70.29322052001953
70.01074981689453
70.5595474243164
70.34165954589844
70.14794921875
70.48690795898438
70.70481872558594
68.00930786132812
67.75912475585938
68.42088317871094
68.3563232421875
69.21177673339844
69.17146301269531
68.88089752197266
68.88893127441406
67.71070861816406
66.29838562011719
67.03276824951172
66.69383239746094
66.81486511230469
66.95209503173828
67.71878051757812
68.55806732177734
70.18022918701172
70.1963882446289
70.43042755126953
70.28516387939453
69.865478515625
69.55076599121094
71.07603454589844
70.63219451904297
70.30938720703125
70.22867584228516
70.09954071044922
70.40620422363281
71.05992126464844
72.4883804321289
73.56173706054688
73.76349639892578
75.26473999023438
76.0194091796875
75.77596282958984
76.1573486328125
75.62179565429688
75.32965850830078
75.06997680664062
75.54874420166016
74.85899353027344
74.1611099243164
73.9014663696289
74.0069351196289
74.0069351196289
73.75537872314453
74.07185363769531
75.3053207397461
74.59932708740234
74.29096984863281
74.07185363769531
74.49384307861328
75.491943359375
75.5568618774414
75.0618667602539
76.00316619873047
76.29531860351562
76.0194091796875
75.89768981933594
74.81031799316406
74.18546295166016
75.05374908447266
75.24850463867188
74.72914123535156
73.56063079833984
73.6336441040039
73.54438781738281
74.29907989501953
74.38834381103516
74.2666244506836
74.56684875488281
74.3315200805664
73.92577362060547
74.09619903564453
73.75537872314453
74.4126968383789
72.63554382324219
73.1224365234375
71.84028625488281
71.75102996826172
72.86275482177734
73.75537872314453
73.96636962890625
73.82028198242188
74.3477554321289
75.40267181396484
76.23039245605469
76.76597595214844
77.11490631103516
76.95263671875
76.37645721435547
76.03562927246094
77.23661804199219
77.39891052246094
77.50440979003906
78.58365631103516
78.99755096435547
78.19416046142578
79.24708557128906
79.10834503173828
78.69206237792969
79.27972412109375
79.04303741455078
78.34925842285156
78.24314880371094
79.85926055908203
79.67969512939453
79.9817123413086
80.07964324951172
81.22237396240234
81.08358001708984
82.37322998046875
82.454833984375
83.04254150390625
83.0670166015625
82.773193359375
82.12020111083984
82.37322998046875
82.92012023925781
82.773193359375
82.25897216796875
80.60201263427734
79.69602966308594
79.68785095214844
79.58992004394531
79.87557983398438
79.39401245117188
80.14494323730469
80.37349700927734
80.1041259765625
80.81423950195312
80.74894714355469
80.51226043701172
80.25106048583984
79.9327163696289
82.73238372802734
84.66681671142578
85.31165313720703
85.53201293945312
87.29505920410156
86.29109191894531
85.64629364013672
85.39326477050781
86.4625244140625
86.20950317382812
87.21344757080078
86.11970520019531
85.42591857910156
86.63392639160156
87.3031997680664
86.9359130859375
86.63392639160156
88.01334381103516
87.70317840576172
87.35220336914062
87.51544189453125
87.98070526123047
87.28690338134766
