28.22789192199707
28.649818420410156
28.117219924926758
28.214054107666016
28.642906188964844
28.483814239501953
28.214054107666016
28.130475997924805
28.1444091796875
28.09566879272461
28.332462310791016
28.506572723388672
28.1444091796875
27.252925872802734
27.691707611083984
27.53151512145996
27.663841247558594
28.088695526123047
28.039941787719727
27.93546485900879
28.179244995117188
28.116548538208008
28.20012855529785
28.221017837524414
28.234962463378906
28.436933517456055
28.332462310791016
28.57622718811035
28.57622718811035
28.562284469604492
28.019052505493164
28.443893432617188
28.42300796508789
28.61801528930664
28.443893432617188
28.527469635009766
28.457815170288086
28.443893432617188
28.304603576660156
28.053861618041992
28.081729888916016
27.914581298828125
28.255844116210938
28.012083053588867
28.060842514038086
28.116548538208008
27.96332359313965
27.998157501220703
27.97028923034668
27.740461349487305
27.615097045898438
27.53151512145996
27.22507095336914
27.19721221923828
27.009157180786133
26.918622970581055
26.66092300415039
26.681821823120117
26.828079223632812
26.54949188232422
26.570384979248047
26.709678649902344
26.535558700561523
26.591278076171875
26.396268844604492
26.842018127441406
26.633071899414062
26.709678649902344
26.828079223632812
26.904699325561523
27.009157180786133
26.96706771850586
27.1424503326416
27.2617130279541
27.212608337402344
27.773845672607422
27.57740020751953
27.64054298400879
27.100358963012695
27.030208587646484
26.88990020751953
27.177536010742188
26.939002990722656
26.574214935302734
26.62331199645996
26.25851821899414
26.069107055664062
26.09716796875
25.9919376373291
26.15328598022461
26.01297950744629
26.504053115844727
26.497041702270508
26.59525489807129
26.419862747192383
26.658397674560547
27.04424285888672
27.20559310913086
27.233659744262695
27.423070907592773
27.423070907592773
27.219629287719727
27.38097381591797
27.787866592407227
27.92116355895996
27.794883728027344
27.759809494018555
27.787866592407227
27.71770668029785
27.7106990814209
28.096540451049805
27.94220542907715
28.096540451049805
27.970258712768555
27.977279663085938
28.145662307739258
28.208782196044922
28.215801239013672
28.18071746826172
28.159687042236328
28.103557586669922
28.363130569458008
28.363130569458008
28.321041107177734
28.236846923828125
28.392269134521484
28.392269134521484
28.314565658569336
28.505298614501953
28.51943588256836
28.137948989868164
28.583009719848633
28.540624618530273
28.152074813842773
28.34987449645996
27.6999568939209
27.714086532592773
27.74233627319336
27.622238159179688
28.272178649902344
28.159154891967773
28.286298751831055
28.371078491210938
28.392269134521484
28.604204177856445
28.724302291870117
29.028079986572266
29.183504104614258
28.724302291870117
28.583009719848633
28.448780059814453
28.53356170654297
28.215660095214844
28.06730842590332
28.34987449645996
27.92601203918457
28.039047241210938
28.088491439819336
28.053173065185547
27.74939727783203
28.201526641845703
28.187395095825195
27.72113609313965
27.43856430053711
27.36085319519043
27.459762573242188
26.77449607849121
26.96523666381836
26.71797752380371
26.279985427856445
26.477783203125
26.569631576538086
26.866321563720703
26.809814453125
27.247819900512695
27.297269821166992
27.205434799194336
27.304338455200195
27.50214385986328
26.470726013183594
26.209339141845703
26.350624084472656
26.265851974487305
26.491914749145508
26.682659149169922
26.75330352783203
26.894594192504883
26.98643684387207
26.929920196533203
27.06414794921875
27.09239959716797
27.17717933654785
27.233694076538086
27.304338455200195
27.410308837890625
27.392507553100586
27.036483764648438
27.17888641357422
27.250093460083008
27.342653274536133
27.15753173828125
27.378265380859375
27.371137619018555
27.342653274536133
27.49930763244629
27.49219512939453
27.641727447509766
27.734281539916992
27.527788162231445
27.34977912902832
27.292814254760742
27.10768699645996
27.21449089050293
27.49930763244629
27.698688507080078
27.762767791748047
27.69156265258789
27.50642967224121
27.577634811401367
28.6101131439209
28.90204429626465
28.994609832763672
29.015972137451172
28.987489700317383
29.00173568725586
28.980375289916992
29.20110321044922
29.215343475341797
28.88780403137207
29.04446029663086
29.03733253479004
29.15838050842285
29.02309799194336
28.83083724975586
29.129899978637695
29.00173568725586
29.101425170898438
29.065820693969727
29.272314071655273
29.115663528442383
28.85220718383789
29.115663528442383
28.987489700317383
28.894927978515625
29.101425170898438
28.894927978515625
28.894927978515625
29.03021240234375
28.894927978515625
28.951892852783203
29.129899978637695
29.094289779663086
29.108539581298828
29.04446029663086
29.115663528442383
29.186853408813477
29.129899978637695
29.24383544921875
29.094289779663086
28.997453689575195
28.961584091186523
29.169626235961914
29.356149673461914
29.815282821655273
29.98029899597168
29.908554077148438
29.937246322631836
30.023330688476562
30.102249145507812
30.15247344970703
30.267253875732422
30.389202117919922
30.3389835357666
30.3389835357666
30.295942306518555
30.23138427734375
30.087900161743164
30.09508514404297
30.317472457885742
30.10942268371582
30.40355682373047
30.20267677307129
30.217037200927734
30.145292282104492
30.439430236816406
30.41791534423828
29.549840927124023
29.277244567871094
29.39202308654785
29.413537979125977
29.183979034423828
28.947227478027344
28.42352867126465
28.186786651611328
28.186786651611328
28.26569938659668
28.107872009277344
28.638751983642578
28.229829788208008
28.301570892333984
28.387659072875977
28.466564178466797
28.65309715270996
28.825281143188477
29.327457427978516
29.66463279724121
29.60006332397461
29.592884063720703
29.707677841186523
29.499629974365234
29.707677841186523
29.843984603881836
29.843984603881836
29.86551284790039
29.930065155029297
29.872676849365234
29.973112106323242
30.03768539428711
30.016162872314453
29.973112106323242
30.087900161743164
30.25290870666504
30.314327239990234
29.96024513244629
29.989145278930664
30.090316772460938
30.068634033203125
30.198711395263672
30.386585235595703
30.509428024291992
30.270980834960938
30.545574188232422
30.19148063659668
30.494998931884766
30.53112030029297
30.827388763427734
30.885211944580078
30.827388763427734
31.073091506958008
31.506664276123047
31.737905502319336
32.19316101074219
31.701784133911133
32.13536071777344
31.846290588378906
31.53557586669922
31.239290237426758
30.755128860473633
30.98638153076172
31.282651901245117
29.39659309387207
29.353227615356445
29.526668548583984
29.649507522583008
29.454395294189453
29.309871673583984
29.598926544189453
29.91688346862793
30.263736724853516
30.213163375854492
30.22039031982422
30.574480056762695
30.560022354125977
30.581701278686523
30.632287979125977
30.718997955322266
30.8635196685791
30.921340942382812
30.87797737121582
31.015274047851562
31.456087112426758
31.95470428466797
31.976381301879883
32.15703201293945
31.990829467773438
32.1064453125
32.226505279541016
32.61942672729492
32.41569519042969
32.408416748046875
31.869966506958008
31.65168571472168
31.673513412475586
31.389739990234375
30.589340209960938
30.26919937133789
30.218252182006836
29.767139434814453
29.51974105834961
29.388771057128906
30.232816696166992
30.844024658203125
30.523862838745117
30.814905166625977
31.26605796813965
31.24420928955078
31.258773803710938
31.186006546020508
31.113243103027344
30.72031593322754
30.66212272644043
30.66212272644043
30.89494514465332
31.280601501464844
31.658964157104492
31.309701919555664
31.02592658996582
31.018648147583008
30.967714309692383
30.83674430847168
30.945898056030273
31.404298782348633
31.549819946289062
31.855424880981445
31.51344108581543
31.287870407104492
30.844024658203125
30.502029418945312
30.633007049560547
29.956317901611328
30.261919021606445
30.291034698486328
30.327404022216797
30.407447814941406
30.160062789916992
29.99997329711914
30.851287841796875
30.829458236694336
30.683942794799805
30.552967071533203
30.422008514404297
30.363800048828125
30.640287399291992
30.538419723510742
30.45109748840332
30.654834747314453
30.596628189086914
30.89494514465332
31.506168365478516
31.433395385742188
31.251495361328125
30.924060821533203
30.851287841796875
30.21098518371582
30.11640167236328
29.607057571411133
29.177759170532227
29.76468849182129
29.28047752380371
29.559267044067383
29.720672607421875
29.786693572998047
29.361175537109375
29.82337760925293
29.80137062072754
29.691326141357422
29.676658630371094
29.60327911376953
29.405200958251953
29.720672607421875
29.750022888183594
29.84539031982422
29.84539031982422
30.204879760742188
30.08750343322754
29.99945640563965
30.116857528686523
29.992130279541016
29.86007308959961
29.720672607421875
29.639968872070312
29.786693572998047
29.566598892211914
29.830720901489258
29.918764114379883
30.307601928710938
30.043489456176758
29.99945640563965
29.955442428588867
29.911418914794922
29.705997467041016
29.757352828979492
30.014131546020508
30.05082130432129
29.896739959716797
29.830720901489258
29.86007308959961
30.065486907958984
30.03614044189453
29.852733612060547
30.116857528686523
30.446996688842773
30.461668014526367
30.3149356842041
30.307601928710938
30.336944580078125
30.24890899658203
30.234235763549805
30.072826385498047
30.168195724487305
30.182861328125
30.05082130432129
30.03614044189453
30.072826385498047
29.98479461669922
29.779367446899414
29.419870376586914
29.463895797729492
29.49323272705078
29.588605880737305
29.662588119506836
29.559024810791016
29.285329818725586
29.64778709411621
29.788328170776367
30.06941795349121
29.88450813293457
29.94367218017578
29.869709014892578
29.729158401489258
29.603408813476562
29.588605880737305
29.144777297973633
29.019027709960938
29.2187557220459
29.21135711669922
29.159576416015625
29.773534774780273
29.48505210876465
29.529438018798828
29.87710952758789
30.07682991027832
30.45407485961914
30.424489974975586
30.68338394165039
30.513254165649414
30.609416961669922
30.468875885009766
30.254362106323242
30.209970474243164
29.914087295532227
29.988054275512695
29.995460510253906
30.025054931640625
30.00284194946289
30.38750457763672
30.72777557373047
30.957082748413086
31.156803131103516
31.008852005004883
30.89790916442871
30.831327438354492
30.68338394165039
30.520652770996094
30.402294158935547
30.513254165649414
30.587238311767578
30.55023956298828
30.16558837890625
29.995460510253906
29.240942001342773
28.39027976989746
28.10179328918457
28.649166107177734
29.04862403869629
29.181760787963867
29.085601806640625
28.663970947265625
28.77492904663086
28.96725082397461
28.49383544921875
28.77492904663086
28.331092834472656
28.41986083984375
28.449705123901367
28.42732810974121
28.725772857666016
29.21075439453125
29.382366180419922
29.08391571044922
29.240596771240234
28.94215202331543
28.919767379760742
29.21075439453125
29.561420440673828
29.494279861450195
29.591279983520508
29.934490203857422
29.695730209350586
30.135950088500977
30.59854507446289
30.561237335205078
30.979061126708984
31.322284698486328
31.35211753845215
31.337202072143555
31.076072692871094
31.09844207763672
31.277496337890625
31.35211753845215
31.32974624633789
31.55357551574707
31.478961944580078
32.262393951416016
31.926639556884766
31.777420043945312
31.792348861694336
31.881872177124023
31.926639556884766
31.59834098815918
31.516267776489258
31.456575393676758
31.3148250579834
31.583436965942383
31.30735969543457
30.993993759155273
31.165597915649414
31.367040634155273
31.023832321166992
30.874610900878906
31.30735969543457
31.09097671508789
31.546117782592773
32.1654052734375
31.65802574157715
32.053489685058594
32.3519401550293
32.3519401550293
32.44214630126953
32.04367446899414
32.24666976928711
32.15644454956055
31.923381805419922
32.54741287231445
32.4797477722168
32.33690643310547
32.07374572753906
32.148929595947266
31.780532836914062
31.915861129760742
32.381996154785156
32.960933685302734
32.69778060913086
31.953454971313477
32.163963317871094
32.54741287231445
32.83310317993164
32.73537826538086
32.69778060913086
32.863182067871094
32.75792694091797
32.29930877685547
31.87827491760254
31.99104881286621
31.818119049072266
31.291828155517578
31.209129333496094
31.26175880432129
31.667755126953125
31.464752197265625
31.4873104095459
31.201602935791016
31.51737403869629
31.11138153076172
31.118898391723633
31.622634887695312
31.69782829284668
31.637678146362305
31.64519691467285
32.006072998046875
32.26921844482422
32.32938003540039
31.908340454101562
32.118873596191406
31.976003646850586
31.908340454101562
32.06623458862305
32.5549430847168
31.99104881286621
31.885791778564453
32.412078857421875
32.600040435791016
32.69778060913086
32.78800964355469
32.90829086303711
33.036109924316406
32.848148345947266
33.01355743408203
33.20152282714844
32.43463134765625
32.427127838134766
32.848148345947266
32.90829086303711
33.051151275634766
33.16392517089844
33.0887451171875
33.32180404663086
33.69021987915039
34.0059928894043
34.24845504760742
34.316650390625
34.27877426147461
34.13481140136719
34.680355072021484
34.551544189453125
34.60457992553711
34.47576904296875
34.44546127319336
34.53640365600586
34.703086853027344
35.218326568603516
35.294105529785156
35.1501350402832
35.483543395996094
35.528995513916016
35.2562141418457
35.392601013183594
35.12740707397461
35.51383590698242
35.18803024291992
35.34713363647461
34.88493728637695
34.725826263427734
34.93040466308594
35.02131271362305
35.30925750732422
33.61955642700195
33.08157730102539
33.748374938964844
33.8771858215332
33.74079513549805
33.854454040527344
33.81657409667969
33.945377349853516
34.081764221191406
33.97568893432617
34.081764221191406
34.14238357543945
34.33938217163086
34.27877426147461
34.665199279785156
34.44546127319336
34.725826263427734
34.36211395263672
34.56670379638672
33.90748596191406
33.702911376953125
33.581668853759766
33.30131912231445
33.31648254394531
33.61955642700195
33.62714767456055
33.862037658691406
33.93022918701172
33.7938346862793
33.86961364746094
33.884761810302734
34.127220153808594
34.37727737426758
34.33938217163086
34.513668060302734
34.67277908325195
34.84706115722656
34.45002365112305
34.388938903808594
34.36603546142578
34.595088958740234
34.198055267333984
34.3431282043457
34.45766067504883
34.25151443481445
34.419471740722656
33.54143524169922
33.42689895629883
33.7323112487793
33.930824279785156
34.61035919189453
34.45002365112305
34.68671417236328
34.56455612182617
34.4271125793457
34.64853286743164
34.793609619140625
34.801246643066406
34.92340087890625
34.88523483276367
34.83940887451172
34.83940887451172
34.83940887451172
34.74778747558594
34.70198440551758
34.99213409423828
34.793609619140625
34.26678466796875
33.136775970458984
33.327640533447266
33.312374114990234
33.17494201660156
33.236026763916016
33.31999969482422
33.22075271606445
33.197845458984375
33.16731262207031
33.190216064453125
33.2971076965332
33.403995513916016
33.61779022216797
33.77811813354492
33.465084075927734
33.64068603515625
33.67123031616211
33.53379440307617
33.396366119384766
33.48035430908203
33.48035430908203
33.34290313720703
33.075687408447266
33.24365997314453
33.01461410522461
33.15967559814453
33.09859085083008
33.33527374267578
33.434539794921875
33.31999969482422
33.312374114990234
32.27399444580078
32.97642135620117
32.54536056518555
32.41450500488281
32.60694122314453
32.437599182128906
32.40680694580078
32.59154510498047
32.737796783447266
33.06880187988281
32.89945602416992
32.368309020996094
32.78398513793945
32.44529724121094
32.352928161621094
32.57615280151367
32.352928161621094
32.20667266845703
32.183589935302734
32.10660934448242
32.12200164794922
32.12200164794922
31.97574234008789
32.16048049926758
32.14508819580078
32.07581329345703
32.02192306518555
32.306732177734375
32.368309020996094
32.275943756103516
32.429901123046875
32.76089096069336
32.74550247192383
32.66851806640625
32.42220687866211
32.506874084472656
32.637733459472656
32.42220687866211
32.368309020996094
32.352928161621094
32.09120559692383
32.683921813964844
33.0072135925293
32.53767013549805
31.513887405395508
31.583160400390625
31.69093132019043
31.898775100708008
31.760211944580078
31.652427673339844
31.490781784057617
31.837194442749023
31.84486961364746
31.652427673339844
31.96803855895996
32.137386322021484
31.94332504272461
31.322317123413086
31.182580947875977
31.33007049560547
31.531911849975586
31.493085861206055
32.051998138427734
31.811359405517578
32.603145599365234
32.52552032470703
32.416847229003906
31.989904403686523
32.25382614135742
32.40132522583008
32.34696960449219
32.33922576904297
32.269371032714844
32.25382614135742
32.292640686035156
32.30040740966797
32.1296272277832
32.292640686035156
32.1839714050293
32.447898864746094
32.33146286010742
32.40907669067383
32.40132522583008
32.075279235839844
31.857927322387695
31.865705490112305
31.788068771362305
31.733736038208008
31.997665405273438
32.051998138427734
31.935562133789062
32.075279235839844
32.160675048828125
32.52552032470703
32.6963005065918
32.455657958984375
32.176204681396484
32.12186813354492
32.269371032714844
32.028709411621094
32.137386322021484
32.246070861816406
32.26158905029297
32.52552032470703
32.61867904663086
32.02095413208008
31.500850677490234
31.531911849975586
31.46204948425293
31.39217758178711
31.982133865356445
32.00542449951172
32.1839714050293
32.292640686035156
32.33922576904297
32.43236541748047
32.34696960449219
32.572113037109375
32.727359771728516
32.967987060546875
32.97575378417969
32.74287796020508
32.595394134521484
32.595394134521484
32.626434326171875
32.828277587890625
32.91441345214844
32.86741256713867
32.98488998413086
33.08669662475586
32.91441345214844
33.03187942504883
33.28246307373047
33.188499450683594
33.02405548095703
32.98488998413086
33.14151382446289
33.22765350341797
33.21982192993164
33.36077880859375
33.23548126220703
33.21199417114258
33.423439025878906
33.33729553222656
33.41560363769531
33.36861801147461
33.4312629699707
33.40776824951172
33.62704849243164
33.509578704833984
33.728851318359375
34.04993438720703
33.85414123535156
33.74452209472656
33.728851318359375
33.893306732177734
33.76017761230469
33.861976623535156
33.681861877441406
33.79150390625
33.846317291259766
33.97944641113281
33.92463684082031
34.19088363647461
34.21437454223633
34.37100601196289
34.073429107666016
34.12040328979492
34.19871520996094
34.13606643676758
34.245704650878906
34.33968734741211
34.402320861816406
34.300533294677734
34.37882995605469
34.598114013671875
34.7625732421875
35.26376724243164
35.561344146728516
35.54568862915039
35.5770149230957
35.60832977294922
35.85892868041992
35.9372444152832
36.01554870605469
36.00772476196289
35.63966369628906
35.34207534790039
35.49087142944336
35.49869155883789
35.553958892822266
35.76715087890625
35.72767639160156
35.77504348754883
35.8303108215332
36.01190948486328
35.70398712158203
35.585548400878906
35.72767639160156
35.869781494140625
35.56975555419922
35.782936096191406
35.39605712890625
35.41183853149414
35.34077453613281
35.38814926147461
35.05655288696289
35.048648834228516
35.04075241088867
35.001277923583984
35.14339065551758
35.08022689819336
35.27762222290039
35.31709289550781
35.269718170166016
35.39605712890625
35.38814926147461
35.553958892822266
35.40394973754883
35.71976852416992
36.11455154418945
36.414581298828125
36.327735900878906
36.193519592285156
36.082969665527344
35.996116638183594
36.05928421020508
35.9250602722168
36.03559494018555
36.00401306152344
35.996116638183594
36.11455154418945
35.996116638183594
36.161930084228516
36.46985626220703
36.477752685546875
36.20930099487305
36.05928421020508
36.067195892333984
36.00401306152344
35.95664978027344
35.85399627685547
35.98033142089844
35.861900329589844
35.88558578491211
35.83820343017578
35.964542388916016
36.14613723754883
36.25667190551758
36.28825759887695
36.54091262817383
36.55671310424805
36.730411529541016
36.8883171081543
37.00675582885742
36.69637680053711
36.75209045410156
36.69637680053711
36.59292221069336
36.43375015258789
36.13132858276367
36.20295333862305
36.362117767333984
36.266624450683594
35.5264778137207
35.74135971069336
35.820953369140625
35.65382766723633
35.96419906616211
36.21091079711914
36.22682571411133
36.20295333862305
36.139286041259766
36.50537109375
36.688419342041016
36.69637680053711
36.75209045410156
37.10225296020508
37.022674560546875
36.92717742919922
37.07838439941406
36.91126251220703
36.86351013183594
36.75209045410156
36.64863967895508
36.79188537597656
36.664554595947266
36.4974250793457
36.59292221069336
36.44966506958008
36.513328552246094
36.584957122802734
36.187034606933594
36.56108474731445
36.75209045410156
36.79188537597656
37.03860092163086
37.18183898925781
37.74689865112305
37.25346755981445
37.04655075073242
36.378047943115234
36.17909240722656
36.43375015258789
36.481510162353516
36.513328552246094
36.52925109863281
36.47353744506836
36.21091079711914
36.724422454833984
36.88490295410156
37.0935173034668
37.11758041381836
37.27004623413086
36.73245620727539
36.355342864990234
36.37138366699219
36.339290618896484
36.828739166259766
36.933048248291016
37.06141662597656
36.85279846191406
37.01328659057617
36.97317123413086
36.5880241394043
36.58000564575195
36.756534576416016
36.85279846191406
36.684303283691406
36.81269073486328
