71.82688903808594
72.12752532958984
70.69770812988281
70.88834381103516
72.0615234375
72.97804260253906
72.02487182617188
72.03221130371094
72.50144958496094
72.1641845703125
72.39881896972656
73.13935852050781
72.45014190673828
70.96900939941406
71.29165649414062
71.33562469482422
71.50425720214844
72.47212219238281
73.06607055664062
72.58942413330078
73.19071197509766
73.2713394165039
73.5793228149414
73.22003173828125
73.23467254638672
73.31533813476562
73.30799102783203
73.90193939208984
74.48117065429688
73.87256622314453
73.96791076660156
73.39598846435547
73.45465087890625
73.5206527709961
71.54827880859375
70.947021484375
70.87369537353516
71.48229217529297
71.87821960449219
71.7608871459961
72.12752532958984
71.91490173339844
72.58942413330078
72.7361068725586
72.81674194335938
72.36215209960938
72.09820556640625
71.88554382324219
71.57758331298828
71.15231323242188
70.71971130371094
70.47042846679688
69.94248962402344
69.67852020263672
70.00846862792969
70.02313995361328
69.73717498779297
69.99382781982422
69.75188446044922
69.88384246826172
69.53919982910156
70.44841003417969
70.11579895019531
69.7462387084961
69.86448669433594
70.33753967285156
70.70714569091797
71.150634765625
71.29105377197266
71.61627197265625
72.0376205444336
71.83063507080078
71.95626831054688
72.22236633300781
72.37760162353516
72.95413208007812
72.37760162353516
71.62368774414062
71.904541015625
72.27413940429688
72.15583801269531
72.57718658447266
71.78629302978516
71.1136703491211
71.05449676513672
70.42625427246094
69.97534942626953
69.9975357055664
69.7462387084961
69.43577575683594
68.94053649902344
69.80537414550781
70.02710723876953
70.01232147216797
69.33231353759766
70.38190460205078
70.56668090820312
70.36709594726562
69.9162368774414
70.30799865722656
69.6353759765625
69.98273468017578
70.05669403076172
70.49276733398438
70.99541473388672
70.98059844970703
71.3427963256836
71.87499237060547
71.92672729492188
72.00065612792969
72.36283111572266
71.84540557861328
71.70497131347656
71.76410675048828
72.1854248046875
72.51803588867188
72.11151123046875
71.63847351074219
72.17803955078125
72.42193603515625
72.09674835205078
72.21498107910156
72.63631439208984
73.11673736572266
72.58456420898438
72.33860778808594
72.56966400146484
71.92871856689453
71.83180236816406
71.33245849609375
71.123779296875
72.14481353759766
71.33992767333984
71.123779296875
70.9970703125
70.13253784179688
70.38593292236328
71.13868713378906
70.3412094116211
71.49642181396484
70.90766143798828
71.92871856689453
71.77222442626953
71.9510498046875
72.17464447021484
72.2268295288086
72.30136108398438
72.31625366210938
71.85417938232422
71.9510498046875
71.4367904663086
71.83180236816406
71.10887145996094
71.1461410522461
71.39955139160156
70.67660522460938
70.96730041503906
71.1461410522461
71.59333038330078
70.7511215209961
70.8629379272461
70.7138671875
71.04180908203125
70.37847137451172
70.11016845703125
70.19215393066406
69.42450714111328
69.90894317626953
70.18470001220703
69.32760620117188
69.3797836303711
69.74496459960938
70.75858306884766
71.48898315429688
70.69896697998047
71.0566635131836
70.7213134765625
71.1461410522461
71.38462829589844
71.56349182128906
71.2132339477539
71.36225891113281
71.88397216796875
71.92123413085938
72.01070404052734
71.46663665771484
71.46664428710938
71.51924896240234
70.89535522460938
71.39144134521484
71.42147827148438
71.84245300292969
71.78227996826172
71.5567855834961
74.2477035522461
74.1950912475586
73.18790435791016
73.34574890136719
73.36076354980469
73.1427993774414
72.23330688476562
72.60910034179688
71.75975799560547
72.29344177246094
72.09048461914062
72.037841796875
72.27840423583984
73.09017181396484
73.6839828491211
73.58626556396484
73.35325622558594
73.4058609008789
73.563720703125
72.91728210449219
73.72157287597656
73.92449188232422
74.73628997802734
74.63105773925781
75.24739837646484
75.78858947753906
75.78858947753906
75.35264587402344
74.91666412353516
74.65360260009766
74.51078033447266
75.04444885253906
75.71340942382812
75.39773559570312
76.29217529296875
76.2020034790039
75.88629150390625
76.23958587646484
76.02159881591797
75.8788070678711
76.63794708251953
76.63043975830078
77.36705780029297
77.31442260742188
77.81803894042969
77.44220733642578
77.04381561279297
77.52490234375
76.73567199707031
76.31474304199219
77.08894348144531
77.00625610351562
76.66800689697266
76.9385986328125
76.14187622070312
76.78589630126953
76.85411071777344
77.30873107910156
76.86925506591797
77.6194076538086
77.62696075439453
77.25568389892578
76.81622314453125
76.43737030029297
76.08880615234375
75.58871459960938
76.14187622070312
76.60404968261719
76.73286437988281
76.79348754882812
77.21781921386719
77.22538757324219
77.21781921386719
76.88441467285156
76.99047088623047
76.91471099853516
76.8768310546875
76.33126831054688
76.52828979492188
76.17215728759766
76.51312255859375
75.89937591552734
75.8387680053711
76.58132934570312
76.21006774902344
76.05094146728516
76.1266860961914
75.99789428710938
75.21746063232422
74.53551483154297
75.00529479980469
73.9142074584961
72.94432067871094
72.24726104736328
72.24726104736328
72.527587890625
72.57306671142578
72.60338592529297
72.7018814086914
71.64867401123047
71.45165252685547
71.4592514038086
70.7924575805664
70.82274627685547
70.70154571533203
70.88338470458984
70.86821746826172
70.89096069335938
71.19401550292969
70.9666976928711
71.06522369384766
71.41376495361328
71.56531524658203
71.3683090209961
71.62591552734375
71.56531524658203
71.55774688720703
71.3077163696289
71.71685028076172
71.94612884521484
71.62516021728516
70.92202758789062
71.181884765625
71.08252716064453
71.12837982177734
70.69276428222656
69.61518096923828
71.07488250732422
71.0443344116211
71.33473205566406
71.4341049194336
71.64807891845703
71.47992706298828
71.44172668457031
72.11426544189453
71.78564453125
71.46463012695312
72.60338592529297
71.96142578125
72.3741226196289
73.5357666015625
72.45816802978516
71.9843521118164
71.93086242675781
72.49638366699219
71.71685028076172
70.92969512939453
71.70924377441406
70.86093139648438
70.53992462158203
69.34005737304688
69.62281799316406
69.11842346191406
68.71339416503906
69.57699584960938
69.9972915649414
69.55403900146484
69.50054168701172
69.56166076660156
70.05845642089844
70.31830596923828
70.76923370361328
70.86852264404297
71.36531066894531
71.6327896118164
71.54109191894531
72.19832611083984
72.3282699584961
72.34355926513672
72.6798095703125
72.68746185302734
72.71037292480469
72.8555908203125
72.97023010253906
73.52812957763672
73.34471130371094
73.68097686767578
73.79561614990234
73.85675048828125
73.88729858398438
74.26179504394531
74.13186645507812
74.18585205078125
74.64071655273438
73.84660339355469
73.33004760742188
73.63072967529297
73.75408935546875
74.25523376464844
71.40253448486328
70.43878173828125
69.39019775390625
70.13810729980469
69.86824798583984
68.20286560058594
68.4033432006836
70.662353515625
72.21980285644531
71.87283325195312
72.38943481445312
72.64383697509766
72.34317779541016
73.07559967041016
73.27607727050781
72.66697692871094
72.24290466308594
71.9036865234375
71.10952758789062
71.24061584472656
72.48192596435547
72.75177764892578
71.8651351928711
71.71092224121094
71.57213592529297
70.57755279541016
70.45418548583984
70.53901672363281
70.00702667236328
69.65231323242188
70.07638549804688
69.05096435546875
69.90679931640625
69.05868530273438
68.4495849609375
71.91139221191406
71.27143859863281
71.32544708251953
72.41253662109375
72.51276397705078
72.73635864257812
72.46649932861328
71.48737335205078
72.48961639404297
72.63613891601562
73.31461334228516
73.74636840820312
72.74406433105469
72.92139434814453
72.62071228027344
72.62071228027344
72.71322631835938
73.22980499267578
76.06709289550781
77.38916778564453
76.91478729248047
77.770263671875
77.56804656982422
77.96466827392578
77.07811737060547
75.53824615478516
75.98932647705078
74.88495635986328
73.85063934326172
74.8538818359375
74.93165588378906
75.55380249023438
74.79165649414062
75.4371337890625
74.64390563964844
75.47602844238281
76.6970443725586
77.27253723144531
76.32372283935547
75.93486785888672
75.40604400634766
76.12155151367188
75.77937316894531
74.88495635986328
74.52723693847656
74.87718963623047
74.93165588378906
75.32048034667969
75.0871810913086
76.059326171875
75.77937316894531
75.88823699951172
75.00163269042969
74.37171936035156
73.78842163085938
74.79943084716797
73.78067016601562
76.09040832519531
75.4371337890625
76.79035186767578
75.00163269042969
75.3049545288086
75.45271301269531
75.0871810913086
76.059326171875
74.76055908203125
74.76055908203125
74.96273803710938
75.26605224609375
76.39373779296875
75.83377838134766
76.17598724365234
75.70934295654297
75.98932647705078
76.24596405029297
76.23041534423828
78.29912567138672
77.85579681396484
77.21031951904297
76.98477935791016
76.57260131835938
76.72815704345703
75.68480682373047
75.25333404541016
75.48085021972656
75.53575897216797
75.71617126464844
75.5514144897461
74.94741821289062
74.77481842041016
74.31200408935547
74.75917053222656
74.98661804199219
74.57086944580078
73.97467041015625
74.23357391357422
74.69639587402344
75.44163513183594
75.37100982666016
75.99073791503906
76.23393249511719
75.8103256225586
75.1435317993164
76.32023620605469
74.86896514892578
74.57872009277344
75.12000274658203
75.44163513183594
75.0336685180664
75.84170532226562
75.1827392578125
75.69266510009766
76.60261535644531
77.2145004272461
77.48905944824219
77.7165756225586
76.76734161376953
76.4849853515625
76.47709655761719
76.34374237060547
76.5477294921875
76.16331481933594
75.38672637939453
75.33964538574219
76.35160064697266
77.04192352294922
77.79500579833984
78.33626556396484
77.99113464355469
77.77146911621094
78.28923034667969
77.93621063232422
77.59889221191406
77.96757507324219
77.51260375976562
77.0968246459961
77.95188903808594
77.87345886230469
78.96385955810547
79.04229736328125
79.30902862548828
78.25785827636719
76.1947021484375
72.85291290283203
71.55068969726562
74.64148712158203
76.35160064697266
76.16956329345703
75.1961898803711
73.96956634521484
76.00338745117188
75.97962951660156
75.0616683959961
76.5889892578125
75.5206298828125
75.37821197509766
77.08757781982422
76.73936462402344
77.70484161376953
78.10053253173828
77.42784118652344
76.80268096923828
77.47533416748047
76.92139434814453
77.0638427734375
76.99260711669922
77.2300033569336
75.94007110595703
77.1429672241211
77.97391510009766
78.17174530029297
78.9710693359375
80.06314849853516
80.64082336425781
80.53795623779297
81.47176361083984
81.32141876220703
81.70124816894531
81.81205749511719
81.36891174316406
82.0336685180664
82.9516372680664
82.69050598144531
82.17611694335938
81.14730834960938
87.73943328857422
89.10061645507812
88.7761459350586
88.34878540039062
89.3775634765625
89.12435913085938
88.83154296875
88.72074890136719
88.69699096679688
88.95024108886719
89.30635070800781
89.6703872680664
89.36968231201172
89.59916687011719
90.09774017333984
88.72074890136719
87.02721405029297
87.88980865478516
87.7948226928711
89.0531234741211
89.66249084472656
90.1452407836914
90.58837127685547
90.4380111694336
90.53298950195312
91.10723114013672
91.05139923095703
91.2826919555664
90.70047760009766
90.43726348876953
92.678466796875
92.85395050048828
92.941650390625
92.98155975341797
93.47602844238281
92.58275604248047
92.72631072998047
93.26068878173828
93.9864730834961
93.7153091430664
93.04534149169922
93.86687469482422
93.8907699584961
94.7521743774414
94.5687255859375
94.7122802734375
95.76509094238281
95.25462341308594
94.22577667236328
93.77912902832031
95.0711898803711
94.43315124511719
92.24779510498047
92.1042251586914
93.06929016113281
93.6674575805664
91.81708526611328
93.01345825195312
91.86495971679688
93.7153091430664
92.3434829711914
93.9864730834961
94.43315124511719
95.0711898803711
96.05223083496094
96.40314483642578
97.60749816894531
98.72410583496094
99.38609313964844
98.85968017578125
96.88167572021484
96.23567199707031
92.04039764404297
92.55885314941406
93.32451629638672
93.74723052978516
93.10118103027344
94.05826568603516
95.05524444580078
94.62454986572266
93.45213317871094
92.941650390625
93.85089111328125
93.23676300048828
93.36437225341797
94.40922546386719
94.07169342041016
94.17613983154297
95.51016235351562
95.21282958984375
93.77436828613281
94.16812896728516
94.14401245117188
95.16459655761719
96.14502716064453
96.41826629638672
97.67996215820312
98.76483154296875
99.19073486328125
99.26305389404297
98.9737548828125
99.71308898925781
99.4961166381836
99.50414276123047
99.80149841308594
99.07823181152344
98.98180389404297
99.62468719482422
101.11944580078125
100.99889373779297
102.07572937011719
102.51773071289062
102.36503601074219
102.47754669189453
102.97578430175781
102.83113098144531
102.50971221923828
102.54987335205078
101.97126007080078
102.46951293945312
102.68648529052734
103.54637908935547
103.55440521240234
103.30529022216797
101.08729553222656
100.85421752929688
102.4293212890625
102.63024139404297
103.10436248779297
102.79899597167969
101.64982604980469
103.02400207519531
103.18472290039062
103.93208312988281
103.89191436767578
104.93660736083984
105.1375503540039
105.75631713867188
103.77938842773438
104.56695556640625
103.53028106689453
104.18121337890625
102.6141586303711
101.4248046875
100.68548583984375
98.4916000366211
98.6925048828125
99.60862731933594
99.05414581298828
99.48003387451172
99.04610443115234
98.08979034423828
98.01746368408203
98.09030151367188
98.23603057861328
98.76223754882812
98.68128204345703
98.85128021240234
99.40174102783203
99.05366516113281
99.56365203857422
99.17511749267578
98.96461486816406
99.14268493652344
98.98080444335938
99.9117431640625
99.27222442626953
97.64505767822266
98.1227035522461
96.68985748291016
94.1479263305664
95.92888641357422
96.73030090332031
97.41841888427734
97.46699523925781
97.75843048095703
97.6531753540039
97.88793182373047
98.20365142822266
98.76223754882812
98.96461486816406
99.4260482788086
100.32461547851562
100.06552124023438
100.21937561035156
102.40509033203125
102.04891204833984
102.95557403564453
103.82984161376953
103.13367462158203
98.52748107910156
96.72220611572266
96.67365264892578
95.24078369140625
95.53221893310547
95.28126525878906
95.13554382324219
95.76698303222656
96.50364685058594
95.75888061523438
95.77506256103516
96.17174530029297
96.6412582397461
96.7546157836914
95.9450912475586
95.47554779052734
94.7955322265625
94.81982421875
93.1036148071289
93.435546875
93.24935150146484
92.99028015136719
93.44364929199219
92.64218139648438
93.42745208740234
94.11274719238281
94.35750579833984
94.14537048339844
94.49618530273438
95.65461730957031
95.38542175292969
94.7735366821289
93.47638702392578
94.59406280517578
93.5987548828125
93.96590423583984
94.7490463256836
94.04747009277344
93.9903793334961
95.0019760131836
95.3935546875
95.7443618774414
95.58935546875
95.06723022460938
95.352783203125
93.96590423583984
93.64771270751953
94.11274719238281
93.52534484863281
92.59529876708984
92.52188110351562
92.93795776367188
92.55451202392578
93.58247375488281
92.74215698242188
93.58247375488281
94.15352630615234
93.0766372680664
91.7060775756836
90.75971221923828
90.76786041259766
90.20496368408203
92.94610595703125
92.65242004394531
91.95895385742188
91.46131134033203
91.43682861328125
91.45316314697266
91.83659362792969
91.5755386352539
91.68975067138672
91.1431655883789
90.58839416503906
92.04052734375
93.09294891357422
93.80272674560547
93.41927337646484
93.18270874023438
96.15227508544922
96.52754211425781
97.25363159179688
97.44944763183594
97.89812469482422
97.4902114868164
97.64522552490234
98.01234436035156
98.43655395507812
99.38292694091797
99.21847534179688
98.0592269897461
97.4015121459961
97.21239471435547
98.07566833496094
98.04278564453125
98.5936279296875
99.0294189453125
99.69532775878906
100.0899658203125
100.86280059814453
100.99434661865234
100.5997314453125
101.32320404052734
101.1176528930664
101.397216796875
101.2739028930664
101.71784210205078
101.24102020263672
101.18345642089844
100.86280059814453
100.95325469970703
100.07354736328125
98.34699249267578
98.23189544677734
98.41277313232422
99.28427124023438
99.01294708251953
98.86493682861328
99.38291931152344
100.38595581054688
99.89264678955078
100.92037200927734
100.88748168945312
100.45170593261719
100.51749420166016
99.79398345947266
99.52267456054688
100.131103515625
100.205078125
101.01078033447266
101.14236450195312
100.77237701416016
100.64903259277344
101.30677032470703
102.14537811279297
102.31802368164062
102.43313598632812
102.49891662597656
102.34269714355469
103.44438171386719
103.21419525146484
103.43614959716797
103.98703002929688
104.16788482666016
105.07227325439453
105.26960754394531
105.11337280273438
105.45867919921875
105.77111053466797
105.1748046875
105.72142028808594
106.88092803955078
106.20178985595703
105.928466796875
106.03614044189453
106.06926727294922
106.08583068847656
106.12723541259766
105.99473571777344
105.68830108642578
105.84563446044922
105.91191101074219
105.99473571777344
106.54136657714844
106.65728759765625
106.44197845458984
106.9223403930664
106.83950805664062
107.12109375
107.24534606933594
107.21219635009766
106.70697021484375
107.10453033447266
107.3447036743164
107.3447036743164
107.07965850830078
108.00726318359375
107.79193878173828
107.63460540771484
107.65113830566406
108.66158294677734
108.71125793457031
108.29715728759766
108.78582000732422
109.5726318359375
109.85417175292969
110.37598419189453
110.49192810058594
111.17105102539062
117.35782623291016
116.64553833007812
116.67037200927734
115.89185333251953
116.90229034423828
116.96855163574219
118.1197738647461
118.80714416503906
119.22958374023438
119.46148681640625
119.56085205078125
119.69337463378906
119.43666076660156
120.38907623291016
121.15101623535156
121.98751831054688
121.25870513916016
121.75562286376953
122.69979095458984
122.73294830322266
122.42652130126953
123.81787109375
124.04975128173828
124.11604309082031
124.17398834228516
124.9691162109375
127.00260925292969
128.12771606445312
127.33599090576172
126.03580474853516
126.62757873535156
126.2025146484375
126.24417877197266
123.73564910888672
124.86076354980469
125.57747650146484
125.98585510253906
126.66925048828125
127.62763214111328
128.40272521972656
128.11935424804688
129.01112365722656
128.87774658203125
128.3110809326172
128.11105346679688
128.59442138671875
127.61932373046875
127.64436340332031
127.0942611694336
127.56928253173828
127.58596801757812
130.23619079589844
129.6111602783203
129.10275268554688
130.49456787109375
129.21109008789062
129.41116333007812
129.39442443847656
128.3110809326172
128.252685546875
128.51939392089844
128.27774047851562
126.55257415771484
132.5697479248047
130.43624877929688
130.8029327392578
129.88616943359375
129.29443359375
128.37771606445312
130.50291442871094
128.94444274902344
128.19439697265625
129.15281677246094
129.1111297607422
129.1111297607422
130.5279083251953
131.09457397460938
131.061279296875
131.36129760742188
132.4281005859375
131.5863037109375
131.4779815673828
131.9780731201172
133.0447998046875
132.35305786132812
132.01971435546875
132.36138916015625
133.0697784423828
132.82809448242188
133.74192810058594
134.11077880859375
133.9766845703125
133.3813934326172
132.64364624023438
134.05209350585938
133.892822265625
135.41864013671875
131.05918884277344
131.6208953857422
131.6208953857422
131.5537872314453
131.35260009765625
131.98135375976562
134.03536987304688
133.32275390625
133.22215270996094
131.00051879882812
128.56089782714844
129.14772033691406
132.0316925048828
131.35260009765625
131.58734130859375
131.50347900390625
131.7969512939453
133.12989807128906
133.8006134033203
134.2365264892578
134.62222290039062
136.77670288085938
137.4138946533203
138.63784790039062
138.33607482910156
138.66302490234375
138.9732208251953
139.58517456054688
139.41749572753906
136.93600463867188
137.38873291015625
137.13720703125
137.49769592285156
138.65460205078125
139.35887145996094
139.92893981933594
139.47621154785156
140.9265594482422
141.3876495361328
142.57809448242188
143.16494750976562
142.60324096679688
140.0043487548828
138.8223114013672
140.31455993652344
140.93499755859375
140.27264404296875
140.91815185546875
139.76963806152344
139.94561767578125
141.09420776367188
141.72299194335938
141.7733154296875
141.6475372314453
143.64283752441406
142.87989807128906
145.03045654296875
145.78945922851562
143.91722106933594
145.89068603515625
146.30386352539062
145.82318115234375
146.02561950683594
146.1099395751953
145.24974060058594
146.36293029785156
146.01718139648438
146.79306030273438
146.9111328125
146.22802734375
145.19911193847656
144.92929077148438
144.56658935546875
144.45697021484375
145.6207733154297
145.9833984375
145.15692138671875
