54.709999084472656
54.560001373291016
57.20000076293945
57.91999816894531
58.22999954223633
57.220001220703125
57.939998626708984
55.90999984741211
57.7400016784668
57.599998474121094
57.189998626708984
56.29999923706055
58.5099983215332
57.5099983215332
56.630001068115234
54.45000076293945
53.54999923706055
55.13999938964844
53.529998779296875
61.08000183105469
62.56999969482422
61.47999954223633
62.75
62.189998626708984
62.15999984741211
64.31999969482422
63.54999923706055
64.8499984741211
64.44999694824219
67.33000183105469
67.08999633789062
67.30000305175781
68.05999755859375
69.62999725341797
68.58999633789062
70.77999877929688
69.8499984741211
69.26000213623047
68.94000244140625
68.45999908447266
67.41000366210938
68.80000305175781
71.56999969482422
70.83999633789062
69.80000305175781
72.02999877929688
70.0999984741211
70.87999725341797
68.83000183105469
67.72000122070312
68.73999786376953
69.19000244140625
68.23999786376953
66.97000122070312
67.23999786376953
64.0999984741211
64.88999938964844
60.38999938964844
60.970001220703125
60.0099983215332
60.2400016784668
62.619998931884766
62.720001220703125
59.4900016784668
56.75
56.95000076293945
58.189998626708984
62.40999984741211
59.15999984741211
58.529998779296875
58.88999938964844
59.09000015258789
59.720001220703125
58.939998626708984
61.2400016784668
63.029998779296875
61.36000061035156
60.869998931884766
57.709999084472656
56.13999938964844
58.150001525878906
59.779998779296875
61.150001525878906
60.459999084472656
61.220001220703125
58.529998779296875
57.38999938964844
56.7599983215332
57.2400016784668
59.83000183105469
59.83000183105469
59.22999954223633
57.91999816894531
58.02000045776367
59.209999084472656
58.560001373291016
60.4900016784668
60.52000045776367
61.349998474121094
63.47999954223633
63.5099983215332
63.83000183105469
63.29999923706055
63.08000183105469
62.869998931884766
63.34000015258789
63.189998626708984
62.5
62.880001068115234
65.7699966430664
65.77999877929688
64.29000091552734
64.5
64.19000244140625
64.4000015258789
65.5999984741211
64.33999633789062
64.5
65.37000274658203
65.72000122070312
67.44000244140625
67.12999725341797
67.5999984741211
67.29000091552734
68.05999755859375
66.44999694824219
66.29000091552734
65.29000091552734
62.7599983215332
64.97000122070312
64.87000274658203
66.33999633789062
67.9000015258789
67.16999816894531
67.66000366210938
66.41000366210938
68.41999816894531
69.4000015258789
69.2699966430664
71.29000091552734
74.9800033569336
75.19000244140625
74.91999816894531
73.70999908447266
74.68000030517578
72.6500015258789
72.36000061035156
73.51000213623047
72.69000244140625
72.47000122070312
73.16999816894531
73.05999755859375
73.44000244140625
72.83000183105469
73.7699966430664
74.30000305175781
73.62999725341797
74.58999633789062
75.29000091552734
74.80999755859375
74.56999969482422
74.56999969482422
75.0199966430664
75.95999908447266
74.62999725341797
73.86000061035156
74.81999969482422
76.68000030517578
75.83000183105469
75.94999694824219
77.26000213623047
77.88999938964844
76.66999816894531
77.43000030517578
77.91999816894531
77.4800033569336
74.58000183105469
76.08000183105469
76.43000030517578
77.0
77.91000366210938
76.80000305175781
78.29000091552734
78.54000091552734
77.22000122070312
78.79000091552734
79.0
79.04000091552734
76.55000305175781
77.08000183105469
77.44000244140625
77.55999755859375
76.29000091552734
77.5199966430664
75.91000366210938
72.91000366210938
72.98999786376953
73.58999633789062
73.20999908447266
72.62999725341797
75.94999694824219
76.94999694824219
78.69000244140625
78.37000274658203
80.04000091552734
80.66999816894531
80.27999877929688
80.7699966430664
75.86000061035156
74.11000061035156
74.98999786376953
73.87999725341797
75.76000213623047
74.83000183105469
75.26000213623047
75.5999984741211
75.0
74.61000061035156
74.72000122070312
74.25
74.87999725341797
74.23999786376953
74.33999633789062
73.33000183105469
73.5999984741211
73.75
74.01000213623047
75.62999725341797
77.62000274658203
77.69999694824219
75.0999984741211
75.45999908447266
74.87999725341797
75.23999786376953
76.36000061035156
76.5199966430664
76.83999633789062
76.18000030517578
77.7300033569336
77.83000183105469
76.98999786376953
74.69000244140625
76.11000061035156
78.4000015258789
79.87999725341797
81.44999694824219
80.61000061035156
80.7699966430664
80.77999877929688
80.0199966430664
79.22000122070312
78.0199966430664
78.44999694824219
77.19000244140625
76.1500015258789
76.1500015258789
78.18000030517578
77.73999786376953
76.72000122070312
76.44999694824219
76.27999877929688
74.05000305175781
75.18000030517578
76.23999786376953
76.73999786376953
77.6500015258789
77.83000183105469
77.5
75.77999877929688
76.23999786376953
78.0
75.91000366210938
74.98999786376953
75.4000015258789
75.62999725341797
75.61000061035156
74.47000122070312
74.44000244140625
75.19000244140625
76.51000213623047
76.2300033569336
75.73999786376953
75.5999984741211
76.70999908447266
79.41999816894531
79.9000015258789
78.83999633789062
78.44999694824219
79.55999755859375
80.41000366210938
78.97000122070312
79.75
79.5999984741211
80.9000015258789
81.20999908447266
80.01000213623047
79.44000244140625
77.55000305175781
77.56999969482422
78.93000030517578
78.05000305175781
78.06999969482422
79.36000061035156
80.91000366210938
82.75
83.80000305175781
84.43000030517578
85.30999755859375
82.91999816894531
83.01000213623047
83.30000305175781
83.19999694824219
82.22000122070312
81.66999816894531
81.55999755859375
82.44000244140625
82.31999969482422
82.27999877929688
82.16999816894531
82.04000091552734
83.01000213623047
83.5199966430664
82.70999908447266
82.30999755859375
80.77999877929688
83.08999633789062
83.62000274658203
84.62999725341797
82.41000366210938
81.52999877929688
81.91000366210938
80.68000030517578
80.47000122070312
78.7699966430664
78.98999786376953
78.80999755859375
77.55999755859375
78.0999984741211
78.43000030517578
78.51000213623047
78.01000213623047
77.45999908447266
78.44000244140625
81.37000274658203
80.41999816894531
80.87999725341797
80.62999725341797
80.55000305175781
80.4800033569336
80.54000091552734
79.33000183105469
80.55000305175781
80.1500015258789
79.19000244140625
80.29000091552734
80.44000244140625
82.44000244140625
82.05000305175781
82.13999938964844
80.66999816894531
80.66999816894531
82.16000366210938
81.83000183105469
81.52999877929688
80.70999908447266
81.05999755859375
81.79000091552734
82.91000366210938
82.51000213623047
84.73999786376953
87.87999725341797
88.86000061035156
87.9800033569336
88.01000213623047
85.80000305175781
85.7699966430664
86.91000366210938
87.29000091552734
87.55000305175781
87.22000122070312
85.6500015258789
85.87999725341797
87.94999694824219
90.0999984741211
89.68000030517578
89.76000213623047
90.8499984741211
94.97000122070312
97.91000366210938
98.38999938964844
97.04000091552734
95.44000244140625
96.94999694824219
94.16999816894531
95.29000091552734
96.98999786376953
95.20999908447266
94.01000213623047
94.13999938964844
94.05999755859375
96.44000244140625
95.12000274658203
94.30000305175781
94.1500015258789
93.62000274658203
94.19000244140625
93.43000030517578
94.41999816894531
93.93000030517578
95.16999816894531
95.30999755859375
90.55999755859375
86.05999755859375
82.08999633789062
83.0
87.19000244140625
89.7300033569336
91.01000213623047
89.43000030517578
87.2300033569336
89.88999938964844
88.1500015258789
88.26000213623047
89.52999877929688
90.44000244140625
91.9800033569336
92.05000305175781
92.30999755859375
92.9000015258789
93.44999694824219
94.33999633789062
94.4000015258789
95.55000305175781
92.95999908447266
93.97000122070312
94.41000366210938
92.7699966430664
89.20999908447266
86.66999816894531
89.9000015258789
90.94999694824219
92.06999969482422
94.01000213623047
92.80000305175781
92.4000015258789
92.47000122070312
93.23999786376953
94.26000213623047
94.12000274658203
94.06999969482422
95.95999908447266
97.54000091552734
98.47000122070312
97.0
97.11000061035156
99.66999816894531
102.19000244140625
103.7699966430664
103.69999694824219
104.19999694824219
104.87999725341797
101.97000122070312
103.30999755859375
102.58000183105469
103.94000244140625
108.76000213623047
107.0999984741211
106.48999786376953
107.91000366210938
109.01000213623047
108.0199966430664
103.94999694824219
104.04000091552734
105.12999725341797
107.7699966430664
106.26000213623047
107.31999969482422
106.94999694824219
105.73999786376953
105.41000366210938
105.44999694824219
104.23999786376953
107.12000274658203
106.06999969482422
104.37999725341797
106.18000030517578
105.61000061035156
106.48999786376953
104.5999984741211
105.41999816894531
102.12000274658203
104.66000366210938
104.55000305175781
106.79000091552734
106.22000122070312
104.04000091552734
104.7699966430664
105.51000213623047
104.62999725341797
105.0199966430664
105.93000030517578
107.26000213623047
106.22000122070312
104.66000366210938
102.22000122070312
102.7300033569336
102.97000122070312
97.91999816894531
97.33000183105469
97.51000213623047
99.37000274658203
95.44000244140625
98.37000274658203
94.97000122070312
95.26000213623047
94.3499984741211
94.16000366210938
97.94000244140625
97.01000213623047
97.33999633789062
94.44999694824219
109.11000061035156
112.20999908447266
115.08999633789062
114.61000061035156
112.69000244140625
110.48999786376953
104.06999969482422
99.75
99.54000091552734
101.0
101.91000366210938
102.01000213623047
101.61000061035156
105.19999694824219
103.47000122070312
104.56999969482422
107.16000366210938
105.45999908447266
106.87999725341797
108.06999969482422
107.91999816894531
106.91999816894531
109.81999969482422
109.94999694824219
109.58000183105469
108.38999938964844
105.7300033569336
105.93000030517578
107.51000213623047
107.31999969482422
109.41000366210938
109.88999938964844
110.66999816894531
112.18000030517578
111.0199966430664
111.44999694824219
111.8499984741211
112.25
112.54000091552734
113.05000305175781
113.69000244140625
116.13999938964844
114.69999694824219
114.0999984741211
116.05999755859375
112.55000305175781
112.22000122070312
113.70999908447266
113.63999938964844
110.62999725341797
108.98999786376953
110.61000061035156
110.51000213623047
110.83999633789062
109.63999938964844
110.44999694824219
112.29000091552734
112.41999816894531
113.44000244140625
110.55999755859375
110.0999984741211
108.76000213623047
108.88999938964844
116.7300033569336
117.58000183105469
118.56999969482422
117.43000030517578
118.05999755859375
117.80999755859375
119.48999786376953
119.23999786376953
120.5
119.5199966430664
120.27999877929688
119.80999755859375
118.66999816894531
117.3499984741211
117.6500015258789
116.80999755859375
117.3499984741211
115.97000122070312
117.69999694824219
117.88999938964844
119.47000122070312
119.37999725341797
118.80999755859375
118.77999877929688
118.93000030517578
118.47000122070312
118.79000091552734
117.76000213623047
118.38999938964844
118.55999755859375
116.62000274658203
113.94999694824219
114.94000244140625
114.5999984741211
114.38999938964844
113.0199966430664
113.37000274658203
114.37999725341797
113.91000366210938
115.08000183105469
112.08000183105469
108.97000122070312
112.69999694824219
114.16000366210938
114.27999877929688
114.19000244140625
114.19999694824219
116.69999694824219
115.8499984741211
117.23999786376953
117.87000274658203
117.93000030517578
116.77999877929688
117.29000091552734
116.86000061035156
119.37000274658203
120.61000061035156
121.91999816894531
120.61000061035156
121.0
121.62999725341797
121.22000122070312
123.33999633789062
125.0
123.94000244140625
124.30999755859375
123.08999633789062
122.51000213623047
124.36000061035156
125.1500015258789
125.26000213623047
125.05999755859375
124.87999725341797
124.9000015258789
124.87999725341797
123.9000015258789
123.30000305175781
124.37000274658203
123.91000366210938
123.55999755859375
124.1500015258789
124.37000274658203
123.4800033569336
123.88999938964844
124.95999908447266
126.54000091552734
125.83999633789062
126.12000274658203
126.16999816894531
126.51000213623047
129.72999572753906
131.0500030517578
130.27000427246094
127.0999984741211
128.69000244140625
127.20999908447266
127.7699966430664
128.35000610351562
129.07000732421875
128.64999389648438
128.63999938964844
129.94000244140625
130.0800018310547
127.95999908447266
127.30999755859375
128.69000244140625
129.22999572753906
128.08999633789062
128.27000427246094
128.77000427246094
128.19000244140625
128.47000122070312
128.74000549316406
128.99000549316406
130.24000549316406
128.8800048828125
129.0500030517578
127.81999969482422
127.87999725341797
127.54000091552734
128.57000732421875
130.11000061035156
130.0
132.07000732421875
133.27999877929688
132.2899932861328
131.0399932861328
129.69000244140625
131.2899932861328
130.99000549316406
129.5
127.16999816894531
120.0
120.75
122.1500015258789
124.22000122070312
123.18000030517578
120.80000305175781
119.0199966430664
115.08000183105469
117.19999694824219
116.33999633789062
117.79000091552734
117.0199966430664
121.7699966430664
121.47000122070312
120.83999633789062
120.37999725341797
120.41000366210938
120.87000274658203
118.41999816894531
115.0999984741211
115.4000015258789
117.43000030517578
117.30999755859375
117.94999694824219
118.91000366210938
119.68000030517578
117.7699966430664
120.30999755859375
120.20999908447266
120.56999969482422
119.87000274658203
119.23999786376953
119.08999633789062
119.04000091552734
117.4000015258789
117.2699966430664
118.01000213623047
116.91999816894531
116.3499984741211
115.05000305175781
116.86000061035156
118.69000244140625
120.66999816894531
123.41000366210938
124.9000015258789
124.3499984741211
126.08999633789062
126.62000274658203
128.33999633789062
127.87000274658203
127.91999816894531
127.55000305175781
127.04000091552734
128.92999267578125
129.3699951171875
131.47999572753906
132.77999877929688
132.17999267578125
130.97999572753906
130.32000732421875
133.22999572753906
130.83999633789062
130.97999572753906
132.05999755859375
131.83999633789062
134.1999969482422
134.13999938964844
134.19000244140625
134.0500030517578
133.85000610351562
133.44000244140625
133.83999633789062
133.52999877929688
133.72000122070312
136.1199951171875
135.36000061035156
135.44000244140625
136.41000366210938
135.5399932861328
137.4199981689453
136.75999450683594
137.1699981689453
137.4199981689453
137.3000030517578
137.72000122070312
138.24000549316406
138.7899932861328
139.60000610351562
139.32000732421875
139.72000122070312
139.99000549316406
139.83999633789062
139.94000244140625
138.50999450683594
139.58999633789062
139.52999877929688
140.33999633789062
140.32000732421875
141.75999450683594
142.64999389648438
142.41000366210938
142.0500030517578
142.27999877929688
141.72999572753906
141.85000610351562
141.1699981689453
140.77999877929688
141.0399932861328
139.9199981689453
139.5800018310547
139.38999938964844
141.4199981689453
140.9600067138672
142.27000427246094
143.8000030517578
143.67999267578125
145.47000122070312
146.49000549316406
146.55999755859375
147.6999969482422
150.25
152.4600067138672
152.77999877929688
151.8000030517578
150.85000610351562
150.24000549316406
151.05999755859375
150.47999572753906
150.2899932861328
150.0399932861328
150.3300018310547
150.19000244140625
149.77999877929688
144.85000610351562
147.66000366210938
148.05999755859375
148.24000549316406
148.07000732421875
150.0399932861328
151.9600067138672
152.1300048828125
152.3800048828125
151.4600067138672
151.52999877929688
153.61000061035156
153.6300048828125
152.80999755859375
153.1199951171875
154.7100067138672
149.60000610351562
148.44000244140625
150.67999267578125
150.25
149.8000030517578
150.63999938964844
152.8699951171875
152.25
153.91000366210938
153.39999389648438
155.07000732421875
153.58999633789062
150.5800018310547
153.24000549316406
151.0399932861328
150.97999572753906
148.42999267578125
150.33999633789062
148.82000732421875
151.44000244140625
153.5
155.27000427246094
158.89999389648438
159.25999450683594
159.97000122070312
159.72999572753906
162.86000061035156
164.13999938964844
164.52999877929688
164.42999267578125
166.0
165.27999877929688
165.61000061035156
170.44000244140625
172.4499969482422
169.25
169.86000061035156
169.3000030517578
168.58999633789062
169.6199951171875
171.97999572753906
171.22999572753906
171.17999267578125
167.39999389648438
168.0800018310547
170.75
171.0
170.0
166.91000366210938
167.41000366210938
167.77999877929688
169.63999938964844
168.7100067138672
167.74000549316406
166.32000732421875
167.24000549316406
168.0500030517578
169.9199981689453
171.97000122070312
172.02000427246094
170.72000122070312
172.08999633789062
173.2100067138672
170.9499969482422
173.50999450683594
172.9600067138672
173.0500030517578
170.9600067138672
171.63999938964844
170.00999450683594
172.52000427246094
172.1699981689453
171.11000061035156
170.5399932861328
162.8699951171875
164.2100067138672
167.67999267578125
168.72999572753906
170.8699951171875
169.47000122070312
169.9600067138672
168.4199981689453
171.24000549316406
172.22999572753906
172.5
171.58999633789062
172.74000549316406
172.5500030517578
173.74000549316406
174.52000427246094
176.11000061035156
176.02999877929688
174.55999755859375
174.97999572753906
171.27000427246094
171.8000030517578
170.60000610351562
170.6300048828125
177.8800048828125
179.8699951171875
180.05999755859375
182.66000366210938
178.9199981689453
178.9199981689453
180.1699981689453
180.25
179.55999755859375
179.3000030517578
178.4600067138672
178.77000427246094
178.07000732421875
177.9499969482422
179.58999633789062
179.0
178.74000549316406
181.86000061035156
180.8699951171875
182.77999877929688
183.02999877929688
182.4199981689453
175.1300048828125
177.17999267578125
175.10000610351562
171.47000122070312
172.8300018310547
176.05999755859375
180.13999938964844
179.0
179.0399932861328
176.9600067138672
178.3000030517578
178.38999938964844
180.17999267578125
180.82000732421875
179.50999450683594
177.88999938964844
177.4499969482422
177.1999969482422
175.99000549316406
177.6199951171875
177.9199981689453
176.4600067138672
181.4199981689453
184.6699981689453
184.3300018310547
186.85000610351562
188.27999877929688
187.8699951171875
187.83999633789062
187.77000427246094
179.3699951171875
178.38999938964844
177.60000610351562
179.8000030517578
181.2899932861328
185.3699951171875
189.35000610351562
186.5500030517578
187.47999572753906
190.0
185.97999572753906
187.1199951171875
186.88999938964844
193.08999633789062
190.27999877929688
181.25999450683594
185.30999755859375
180.17999267578125
171.5800018310547
176.11000061035156
176.41000366210938
173.14999389648438
179.52000427246094
179.9600067138672
177.36000061035156
176.00999450683594
177.91000366210938
178.99000549316406
183.2899932861328
184.92999267578125
181.4600067138672
178.32000732421875
175.94000244140625
176.6199951171875
180.39999389648438
179.77999877929688
183.7100067138672
182.33999633789062
185.22999572753906
184.75999450683594
181.8800048828125
184.19000244140625
183.86000061035156
185.08999633789062
172.55999755859375
168.14999389648438
169.38999938964844
164.88999938964844
159.38999938964844
160.05999755859375
152.22000122070312
153.02999877929688
159.7899932861328
155.38999938964844
156.11000061035156
155.10000610351562
159.33999633789062
157.1999969482422
157.92999267578125
165.0399932861328
166.32000732421875
163.8699951171875
164.52000427246094
164.8300018310547
168.66000366210938
166.36000061035156
168.10000610351562
166.27999877929688
165.83999633789062
159.69000244140625
159.69000244140625
174.16000366210938
173.58999633789062
172.0
173.86000061035156
176.07000732421875
174.02000427246094
176.61000061035156
177.97000122070312
178.9199981689453
182.66000366210938
185.52999877929688
186.99000549316406
186.63999938964844
184.32000732421875
183.1999969482422
183.75999450683594
182.67999267578125
184.49000549316406
183.8000030517578
186.89999389648438
185.92999267578125
184.9199981689453
185.74000549316406
187.6699981689453
191.77999877929688
193.99000549316406
193.27999877929688
192.94000244140625
191.33999633789062
188.17999267578125
189.10000610351562
191.5399932861328
192.39999389648438
192.41000366210938
196.80999755859375
195.85000610351562
198.30999755859375
197.49000549316406
202.0
201.5
201.74000549316406
196.35000610351562
199.0
195.83999633789062
196.22999572753906
194.32000732421875
197.36000061035156
192.72999572753906
198.4499969482422
203.22999572753906
204.74000549316406
203.5399932861328
202.5399932861328
206.9199981689453
207.32000732421875
207.22999572753906
209.99000549316406
209.36000061035156
208.08999633789062
209.94000244140625
210.91000366210938
214.6699981689453
217.5
176.25999450683594
174.88999938964844
171.05999755859375
172.5800018310547
171.64999389648438
176.3699951171875
177.77999877929688
185.69000244140625
183.80999755859375
185.17999267578125
183.08999633789062
180.25999450683594
180.0500030517578
181.11000061035156
179.52999877929688
174.6999969482422
173.8000030517578
172.5
172.6199951171875
173.63999938964844
172.89999389648438
174.64999389648438
177.4600067138672
176.25999450683594
175.89999389648438
177.63999938964844
175.72999572753906
171.16000366210938
167.17999267578125
162.52999877929688
163.0399932861328
164.17999267578125
165.94000244140625
162.0
161.36000061035156
162.32000732421875
160.5800018310547
160.3000030517578
163.05999755859375
166.02000427246094
162.92999267578125
165.41000366210938
164.91000366210938
166.9499969482422
168.83999633789062
164.4600067138672
162.44000244140625
159.3300018310547
162.42999267578125
158.85000610351562
157.3300018310547
157.25
157.89999389648438
151.3800048828125
153.35000610351562
153.74000549316406
153.52000427246094
158.77999877929688
159.4199981689453
154.9199981689453
154.0500030517578
154.77999877929688
154.38999938964844
146.0399932861328
150.9499969482422
145.3699951171875
142.08999633789062
146.22000122070312
151.7899932861328
151.75
150.35000610351562
148.67999267578125
149.94000244140625
151.52999877929688
147.8699951171875
144.9600067138672
141.5500030517578
142.16000366210938
144.22000122070312
143.85000610351562
139.52999877929688
131.5500030517578
132.42999267578125
134.82000732421875
131.72999572753906
136.3800048828125
135.0
136.75999450683594
138.67999267578125
140.61000061035156
141.08999633789062
137.92999267578125
139.6300048828125
137.4199981689453
141.85000610351562
142.0800018310547
144.5
145.00999450683594
144.05999755859375
140.19000244140625
143.66000366210938
133.24000549316406
133.39999389648438
124.94999694824219
124.05999755859375
134.17999267578125
134.52000427246094
133.1999969482422
131.08999633789062
135.67999267578125
131.74000549316406
137.9499969482422
138.0500030517578
142.52999877929688
144.22999572753906
144.1999969482422
143.8000030517578
145.38999938964844
148.9499969482422
147.5399932861328
148.3000030517578
150.0399932861328
147.57000732421875
144.3000030517578
145.8300018310547
149.00999450683594
147.47000122070312
144.19000244140625
