29.257219314575195
28.76397705078125
28.591344833374023
28.739307403564453
29.322980880737305
29.158565521240234
28.640663146972656
28.77219581604004
28.54202651977539
28.278955459594727
28.77219581604004
28.755760192871094
28.435155868530273
27.530885696411133
27.350019454956055
27.719953536987305
27.678852081298828
28.237852096557617
28.459810256958008
28.394046783447266
28.246068954467773
27.900802612304688
27.95835304260254
28.12276840209961
28.221418380737305
28.237852096557617
28.52557373046875
29.339420318603516
29.322980880737305
29.7340087890625
29.816211700439453
29.380516052246094
29.133895874023438
25.812767028808594
26.314224243164062
26.158035278320312
26.27312660217285
25.804542541503906
25.993623733520508
25.927858352661133
26.182701110839844
26.174476623535156
26.03472328186035
26.215579986572266
26.059391021728516
25.960744857788086
26.355331420898438
27.037647247314453
26.881450653076172
27.021198272705078
26.681785583496094
26.7811222076416
26.317522048950195
26.325809478759766
25.986377716064453
26.176788330078125
26.168514251708984
26.81423568725586
28.76798439025879
28.27126693725586
27.534469604492188
27.33578109741211
27.77454948425293
27.650381088256836
26.39202880859375
25.829097747802734
25.853933334350586
25.78769874572754
26.20990562438965
26.81423568725586
27.103992462158203
27.06259536743164
27.344064712524414
27.153663635253906
27.261281967163086
27.584135055541992
27.84905242919922
27.14537811279297
27.103992462158203
26.863908767700195
26.91358757019043
27.12882423400879
27.542743682861328
27.551025390625
27.799388885498047
28.080854415893555
28.03118324279785
28.047744750976562
27.567588806152344
27.32750701904297
27.37718391418457
27.948400497436523
28.25470733642578
28.519622802734375
28.552734375
28.676904678344727
28.908714294433594
28.941823959350586
28.96666717529297
28.627243041992188
27.948400497436523
27.91529083251953
29.579265594482422
29.446813583374023
29.405433654785156
29.421981811523438
29.314361572265625
29.413700103759766
29.753124237060547
30.332632064819336
31.607519149780273
31.044588088989258
31.2763671875
31.119089126586914
30.928680419921875
31.590972900390625
31.475074768066406
31.3260440826416
30.796236038208008
30.64607810974121
30.929685592651367
31.196605682373047
31.338411331176758
31.396799087524414
31.154891967773438
31.363441467285156
31.805524826049805
32.07245635986328
31.95567512512207
32.48117446899414
31.69708251953125
31.997377395629883
32.28932571411133
31.788841247558594
31.37177848815918
31.04646110534668
30.6043701171875
30.77120018005371
30.46257209777832
30.51261329650879
30.237340927124023
30.696128845214844
30.545976638793945
30.929685592651367
31.229970932006836
31.104841232299805
31.104841232299805
31.204946517944336
30.99640464782715
30.787883758544922
30.137256622314453
30.37080955505371
29.82862663269043
29.63676643371582
30.062177658081055
29.17800521850586
29.845312118530273
30.662765502929688
30.77120018005371
30.345792770385742
30.170631408691406
29.970430374145508
30.07887840270996
30.704469680786133
30.05384635925293
30.2540340423584
30.57935333251953
30.74619483947754
31.563623428344727
30.429208755493164
30.320775985717773
29.87867546081543
30.17896842956543
30.495941162109375
30.696128845214844
31.00475311279297
31.25499725341797
31.37177848815918
31.3801212310791
31.447357177734375
31.522977828979492
31.72467803955078
31.917964935302734
31.67425537109375
31.54819679260254
31.489364624023438
31.817115783691406
32.19529724121094
31.7498779296875
32.279335021972656
32.0272216796875
32.06083679199219
31.850744247436523
31.78350830078125
31.951581954956055
32.16168212890625
31.842336654663086
31.682659149169922
31.976787567138672
33.23737335205078
33.0020637512207
33.89287567138672
33.75001525878906
34.03574752807617
33.901283264160156
33.439064025878906
33.077701568603516
33.8676643371582
34.44754409790039
34.80890655517578
34.750083923339844
34.46433639526367
33.50630187988281
33.44745635986328
33.46427917480469
34.010520935058594
33.077701568603516
32.9516487121582
32.92643356323242
33.40544891357422
33.95170211791992
33.62395095825195
33.565120697021484
33.607154846191406
33.35502243041992
33.49789047241211
33.539913177490234
34.3466911315918
34.044132232666016
33.95170211791992
33.61553955078125
33.35502243041992
33.136531829833984
32.82559585571289
33.12812042236328
33.313018798828125
33.22897720336914
33.59033203125
34.20813751220703
34.055824279785156
33.51417541503906
33.70882797241211
33.641117095947266
33.58185958862305
34.14891815185547
33.93732833862305
33.954261779785156
34.01349639892578
33.86116027832031
34.14044952392578
34.64822769165039
34.521297454833984
34.0981330871582
34.12351608276367
34.876739501953125
35.105255126953125
34.927528381347656
34.792110443115234
34.58053207397461
34.34356689453125
34.89366912841797
35.12218475341797
35.27450942993164
35.249122619628906
35.13063430786133
35.27450942993164
35.53687286376953
35.3337516784668
35.57072067260742
35.3083610534668
35.75691223144531
35.29144287109375
35.43529510498047
35.460693359375
35.376075744628906
35.53687286376953
35.359130859375
35.26604461669922
35.28297424316406
35.62149429321289
35.663818359375
35.92618179321289
37.30567169189453
37.6865119934082
37.821922302246094
37.94888687133789
37.94041061401367
37.97426986694336
37.576499938964844
37.66111755371094
37.21257781982422
37.14487075805664
36.882530212402344
36.52706527709961
36.27317428588867
36.704803466796875
36.4593620300293
36.171607971191406
36.5863037109375
36.560909271240234
36.560909271240234
36.83174514770508
37.30567169189453
37.46648406982422
37.906558990478516
38.1773796081543
38.60319137573242
38.279571533203125
38.5095100402832
38.449886322021484
38.4669189453125
38.330665588378906
38.21144485473633
38.21995544433594
38.68833923339844
38.3988037109375
38.28807830810547
38.543556213378906
39.09712600708008
39.57400131225586
39.82097244262695
39.88910675048828
40.02537155151367
39.7698860168457
39.378150939941406
39.82097244262695
39.6165885925293
39.75284194946289
40.46818923950195
40.07646179199219
39.650665283203125
40.09348678588867
39.20782470703125
39.52291488647461
39.54845428466797
39.480342864990234
39.08860778808594
38.969364166259766
39.25039291381836
39.25039291381836
38.77350616455078
39.8380126953125
39.04601287841797
37.49609375
37.1724853515625
37.2406005859375
36.80629348754883
36.39752960205078
37.155460357666016
37.53867721557617
38.21995544433594
37.79416275024414
38.339176177978516
39.28446960449219
39.09712600708008
39.59104919433594
39.701751708984375
39.216339111328125
39.9827880859375
40.400062561035156
40.51076889038086
40.75774002075195
41.47309875488281
41.45606231689453
41.634891510009766
41.61787033081055
41.54121017456055
42.24803161621094
42.222503662109375
42.12030792236328
41.768959045410156
41.323326110839844
41.734676361083984
41.11764907836914
40.783424377441406
40.680580139160156
40.9205436706543
40.97196960449219
41.666099548339844
41.528987884521484
41.203346252441406
41.854644775390625
41.49470520019531
40.8776741027832
40.783424377441406
40.192108154296875
40.42350387573242
40.234962463378906
39.9949951171875
38.700965881347656
39.1980094909668
40.72343063354492
40.84341049194336
41.11764907836914
41.52041244506836
41.254756927490234
41.03195571899414
40.66345977783203
40.29493713378906
39.80646896362305
40.07212829589844
39.703636169433594
39.12089920043945
39.61793899536133
40.783424377441406
40.44063949584961
39.935020446777344
39.72935485839844
39.38656234741211
38.9752082824707
39.62651443481445
39.75504684448242
39.3522834777832
40.389217376708984
40.43206024169922
40.286373138427734
36.558528900146484
35.29878234863281
36.00151443481445
34.62177276611328
35.37590408325195
35.650146484375
35.85580825805664
36.378578186035156
36.34428405761719
36.301448822021484
36.507118225097656
36.31857681274414
36.92704391479492
37.59547424316406
37.61274337768555
37.56957244873047
37.54369354248047
37.85438919067383
38.10469055175781
38.052913665771484
37.96659851074219
38.02701950073242
37.845767974853516
37.87165451049805
37.35381317138672
37.163944244384766
37.20710372924805
36.559791564941406
36.982696533203125
36.27497100830078
36.23182678222656
35.40327453613281
35.7139778137207
35.869327545166016
35.99015808105469
36.68061065673828
36.499385833740234
37.00858688354492
36.99132537841797
37.02584457397461
35.78302764892578
35.56725311279297
35.36011505126953
35.351470947265625
35.092567443847656
35.144351959228516
34.77322769165039
35.860687255859375
35.843441009521484
35.74850082397461
35.8002815246582
36.00740432739258
36.041934967041016
35.94700622558594
36.47348403930664
36.387184143066406
35.92110824584961
37.03447341918945
36.801456451416016
37.10353469848633
37.405601501464844
41.31532669067383
41.453407287597656
42.42869186401367
42.34238815307617
41.97989273071289
41.99714660644531
41.634666442871094
41.08229064941406
39.94303512573242
40.305519104003906
41.211753845214844
40.88378143310547
40.866539001464844
41.108184814453125
42.04894256591797
41.686458587646484
41.4361457824707
41.331912994384766
41.331912994384766
41.19292068481445
40.741214752197266
40.471920013427734
41.357967376708984
41.2189826965332
40.706451416015625
41.02787399291992
40.75857925415039
40.6977653503418
40.27212142944336
40.08099365234375
39.724849700927734
39.65535354614258
40.48928451538086
40.341609954833984
39.933326721191406
39.50767135620117
39.81171417236328
39.933326721191406
40.58485412597656
40.046268463134766
40.159175872802734
39.88120651245117
39.646671295166016
39.65535354614258
39.31657409667969
38.54343795776367
38.35234451293945
38.61293411254883
38.56949996948242
38.5608024597168
38.48263931274414
38.430519104003906
38.673736572265625
38.751922607421875
39.55979919433594
39.62929153442383
39.75090789794922
40.53272247314453
40.49799346923828
40.75857925415039
41.07129669189453
39.55979919433594
40.05493927001953
39.90727233886719
39.394744873046875
39.38605880737305
40.211307525634766
40.72383117675781
40.56747055053711
40.66301727294922
41.29716110229492
41.331912994384766
40.49799346923828
40.60222244262695
41.114742279052734
40.315555572509766
40.60222244262695
40.593528747558594
40.82806396484375
41.10605239868164
41.33340072631836
40.75627899169922
39.92560577392578
37.660865783691406
36.44544219970703
35.387413024902344
37.34608840942383
38.38664245605469
38.41288375854492
38.05436706542969
36.567867279052734
37.91444778442383
38.036869049072266
37.258644104003906
38.377891540527344
37.660865783691406
37.85324478149414
38.019386291503906
37.63465118408203
38.45658874511719
38.73640823364258
38.69266891479492
38.019386291503906
38.57026290893555
38.38664245605469
38.360408782958984
38.395389556884766
38.42161178588867
37.85324478149414
37.98440170288086
38.7014274597168
39.00746536254883
39.846900939941406
40.77377700805664
40.87870407104492
40.92242431640625
41.49079132080078
41.1934928894043
41.09730529785156
41.001121520996094
40.8175048828125
41.10606384277344
41.543251037597656
41.63945388793945
41.77060317993164
41.27219772338867
41.99794387817383
46.2301025390625
47.43678665161133
46.94710922241211
47.200687408447266
46.658565521240234
46.028987884521484
46.55363845825195
47.34934616088867
47.56794738769531
47.55046463012695
48.022640228271484
47.358089447021484
46.78971481323242
46.91215133666992
46.62358856201172
46.2038688659668
47.01706314086914
46.629730224609375
47.404415130615234
47.483638763427734
47.703704833984375
47.703704833984375
47.756526947021484
47.2635498046875
47.47483825683594
47.84455871582031
48.61042404174805
48.601627349853516
47.7125129699707
49.21784591674805
49.12980270385742
49.11220169067383
48.399147033691406
48.65444564819336
47.58927917480469
48.53999328613281
48.59282302856445
49.41149139404297
49.03297424316406
47.65088653564453
48.267112731933594
48.7248649597168
49.13861083984375
49.006553649902344
49.2530403137207
49.78123092651367
49.569950103759766
48.839298248291016
48.24068832397461
48.46078109741211
47.580474853515625
45.92547607421875
46.06633758544922
46.03993225097656
46.462467193603516
45.45893859863281
46.75297164916992
44.88673400878906
44.50820541381836
44.71067428588867
44.437767028808594
46.031131744384766
45.590980529785156
45.92547607421875
45.08919143676758
45.82865524291992
48.4959831237793
48.161460876464844
46.65615463256836
45.916690826416016
45.775840759277344
44.15607833862305
43.4958610534668
43.381412506103516
43.75994110107422
43.74233627319336
44.45538330078125
45.29768371582031
46.476890563964844
46.272972106933594
45.94491958618164
46.680824279785156
45.37747573852539
45.53706741333008
46.19316864013672
45.48386001586914
45.111488342285156
46.618751525878906
46.94679641723633
46.414833068847656
46.13109588623047
45.244476318359375
45.794193267822266
46.84926986694336
46.14883804321289
47.05320739746094
47.14186096191406
47.51424789428711
48.188079833984375
48.46293258666992
47.42559051513672
47.753623962402344
47.9398307800293
47.85115432739258
48.0639533996582
47.469913482666016
48.507266998291016
48.80872344970703
48.968299865722656
49.26976013183594
49.145626068115234
48.374271392822266
48.87076950073242
48.28559875488281
48.25014114379883
48.15261459350586
48.454063415527344
49.07469940185547
49.08357620239258
49.3406982421875
50.058860778808594
49.996788024902344
49.287498474121094
49.45595169067383
45.90945053100586
46.202030181884766
45.60798263549805
45.16468048095703
44.24259948730469
44.216007232666016
44.87209701538086
44.136199951171875
44.216007232666016
44.278053283691406
44.67704391479492
44.393314361572266
45.23561477661133
45.26221466064453
45.6700553894043
45.288814544677734
45.953792572021484
45.09666061401367
45.36451721191406
44.92702865600586
45.19487762451172
44.66810607910156
46.0609130859375
46.534114837646484
46.328758239746094
46.712677001953125
47.3198127746582
47.185882568359375
46.85553741455078
46.23948287963867
46.54304504394531
46.516265869140625
46.46269226074219
46.08768844604492
45.962711334228516
44.76632308959961
44.48955535888672
44.36454391479492
44.98952865600586
44.75740051269531
44.70382308959961
45.70378112792969
45.52523422241211
46.34663009643555
44.48955535888672
43.23958969116211
44.1413459777832
45.12345504760742
45.68592071533203
45.677005767822266
45.68592071533203
45.873443603515625
45.873443603515625
46.694828033447266
46.95374298095703
47.507301330566406
47.775146484375
47.980499267578125
47.94477844238281
48.176910400390625
47.40015411376953
49.91793441772461
49.8197135925293
50.50719451904297
50.65005111694336
50.67683410644531
50.16792678833008
50.1857795715332
50.60540771484375
50.5161247253418
50.5161247253418
50.86433029174805
51.23931121826172
51.74821853637695
51.83750915527344
51.96250534057617
51.80179214477539
52.051788330078125
51.73037338256836
51.89107894897461
51.60360336303711
51.7114143371582
51.74732971191406
51.765296936035156
51.810211181640625
52.00787353515625
52.061771392822266
52.25941848754883
52.13364791870117
52.196537017822266
52.00787353515625
51.62156295776367
51.73834991455078
51.810211181640625
51.75632095336914
51.801239013671875
51.59461212158203
50.498573303222656
51.253231048583984
50.78605651855469
50.543479919433594
51.378997802734375
51.43288803100586
51.14542007446289
51.03760528564453
51.89107894897461
51.94498062133789
51.59461212158203
51.11845779418945
52.061771392822266
52.13364791870117
51.56766128540039
51.74732971191406
51.58562088012695
51.42390823364258
51.78326416015625
51.873111724853516
51.9270133972168
52.14262390136719
51.378997802734375
51.307132720947266
51.13642501831055
51.58562088012695
51.40594482421875
51.801239013671875
51.68444061279297
51.43288803100586
53.59801483154297
54.801876068115234
54.792884826660156
54.469459533691406
53.9932975769043
53.786685943603516
53.831607818603516
53.72378921508789
53.391395568847656
53.19374084472656
52.74454879760742
54.28079605102539
54.32572555541992
54.05619812011719
52.735557556152344
53.02304458618164
52.21449661254883
53.245574951171875
53.95105743408203
54.84648132324219
54.58417892456055
55.04545211791992
55.28062057495117
54.6294059753418
54.746978759765625
54.819339752197266
55.25347900390625
54.50278091430664
53.54404830932617
53.58927917480469
54.466609954833984
54.22240447998047
55.50673294067383
55.18112564086914
56.049407958984375
56.23029327392578
56.96290969848633
56.69157028198242
56.60112762451172
56.34788131713867
57.54176712036133
57.46940612792969
57.46940612792969
57.47844696044922
57.198062896728516
57.234249114990234
56.971954345703125
56.89056396484375
56.203163146972656
56.60112762451172
56.34788131713867
56.34788131713867
56.83628463745117
56.6553955078125
56.637298583984375
57.15285110473633
56.628265380859375
56.70966339111328
56.555904388427734
56.52877426147461
56.34788131713867
56.7458381652832
56.94482421875
57.451324462890625
57.59604263305664
58.129669189453125
59.495399475097656
58.907501220703125
58.473365783691406
57.505592346191406
57.1347541809082
57.59604263305664
57.55984878540039
57.369911193847656
57.28851318359375
57.939735412597656
57.885459899902344
58.536685943603516
58.755062103271484
58.71866226196289
58.70956039428711
58.8005485534668
58.68226623535156
58.56397247314453
58.8005485534668
58.8005485534668
58.44568634033203
58.218196868896484
59.09175109863281
58.24550247192383
58.46387481689453
58.482086181640625
58.600372314453125
59.13724136352539
58.90065383911133
59.0826416015625
58.88243865966797
58.60947036743164
58.91885757446289
58.818756103515625
59.02802658081055
59.0826416015625
58.427486419677734
59.173641204833984
59.02802658081055
59.128150939941406
59.23734664916992
59.41020584106445
59.57400894165039
59.79240036010742
59.928897857666016
59.64680480957031
59.81059646606445
59.65590286254883
59.81059646606445
59.765106201171875
59.628604888916016
59.58310317993164
59.35561752319336
59.10084533691406
59.58310317993164
59.50121307373047
59.1827392578125
59.601295471191406
60.420249938964844
61.448490142822266
61.80338668823242
61.721466064453125
62.12184524536133
62.29473114013672
63.1591911315918
63.059104919433594
62.858890533447266
62.61320114135742
62.78611373901367
62.73151779174805
62.822505950927734
63.068199157714844
62.29473114013672
62.22193145751953
62.26746368408203
63.521209716796875
61.75495529174805
61.9654541015625
61.9471435546875
62.64265060424805
62.85316467285156
62.93550491333008
63.713401794433594
64.02456665039062
64.4363784790039
63.91472625732422
64.15266418457031
65.67182159423828
66.147705078125
66.36736297607422
66.24837493896484
65.84571838378906
64.35401153564453
63.85983657836914
64.65602111816406
64.30825805664062
63.969661712646484
64.06114959716797
64.85734558105469
63.97878646850586
64.30825805664062
64.29910278320312
65.16848754882812
64.54619598388672
63.33818817138672
63.87812423706055
62.67927169799805
63.081947326660156
62.38639831542969
63.21920394897461
62.75249099731445
63.56697463989258
64.04285430908203
64.05200958251953
65.11360168457031
65.68099212646484
66.60531616210938
67.12691497802734
67.08119201660156
67.5936508178711
67.9231185913086
67.52961730957031
67.3557357788086
67.89567565917969
67.76758575439453
66.95307159423828
66.84326171875
66.53208923339844
66.42227935791016
66.1294174194336
66.02875518798828
66.5137939453125
66.25753784179688
66.61445617675781
66.32158660888672
65.3515396118164
66.34906005859375
67.3465805053711
67.364990234375
67.7605972290039
66.61053466796875
66.69334411621094
66.38052368164062
67.30977630615234
66.90495300292969
66.87738037109375
66.99698638916016
67.00617980957031
67.20857238769531
68.0918197631836
68.7910385131836
68.02742004394531
67.72379302978516
67.53058624267578
68.39541625976562
68.06420135498047
68.7818374633789
68.70824432373047
69.19584655761719
68.7910385131836
69.28784942626953
69.14984893798828
69.407470703125
68.94744873046875
68.27581024169922
68.4598159790039
67.40180206298828
67.40180206298828
67.94458770751953
67.96299743652344
68.53341674804688
68.64382934570312
68.32182312011719
68.7174301147461
69.89508819580078
69.92269897460938
70.18949127197266
70.18949127197266
70.30908966064453
70.95313262939453
71.2935562133789
71.44075012207031
71.38554382324219
71.40393829345703
71.67996215820312
72.50799560546875
72.52637481689453
72.55394744873047
72.34236907958984
72.46196746826172
77.10813903808594
77.18173217773438
76.52853393554688
76.52853393554688
77.32894897460938
77.41177368164062
77.71537780761719
77.53137969970703
77.7981948852539
77.36576080322266
77.16333770751953
77.21856689453125
77.32894897460938
76.7279281616211
76.93134307861328
76.19164276123047
76.31182861328125
77.41216278076172
76.84812927246094
76.9868392944336
77.55088806152344
78.48478698730469
77.06082153320312
77.82828521728516
77.9114990234375
74.97110748291016
75.44266510009766
76.54301452636719
76.27485656738281
77.81903076171875
78.80841064453125
79.13204193115234
78.91938781738281
78.30909729003906
80.30635070800781
79.87174224853516
79.36317443847656
79.07654571533203
79.05807495117188
79.06732940673828
78.96561431884766
79.25225067138672
79.26148986816406
79.09505462646484
