25.48714256286621
25.90999984741211
25.67571449279785
25.427143096923828
25.614286422729492
26.84000015258789
26.66428565979004
26.985713958740234
27.355714797973633
27.354286193847656
27.66857147216797
27.26714324951172
26.428571701049805
26.01285743713379
26.280000686645508
26.677143096923828
26.14714241027832
30.124286651611328
31.139999389648438
30.582857131958008
30.41428565979004
30.18000030517578
30.21285629272461
31.43857192993164
31.145713806152344
31.09000015258789
31.755714416503906
31.885713577270508
33.0099983215332
35.36428451538086
34.3985710144043
33.959999084472656
33.66143035888672
33.644287109375
31.657142639160156
30.171428680419922
30.739999771118164
30.34857177734375
29.5242862701416
29.23285675048828
29.17571449279785
29.0528564453125
30.10285758972168
29.628570556640625
27.921428680419922
27.56999969482422
28.57428550720215
29.219999313354492
28.742856979370117
31.015714645385742
30.54857063293457
30.55714225769043
29.91428565979004
30.40571403503418
31.62714385986328
32.72285842895508
32.73285675048828
32.85857009887695
33.90285873413086
33.91143035888672
33.99285888671875
33.968570709228516
34.584285736083984
34.959999084472656
34.88999938964844
34.281429290771484
33.422855377197266
33.551429748535156
32.59428787231445
33.417144775390625
34.10714340209961
33.81856918334961
33.64142990112305
33.332855224609375
34.50714111328125
34.91857147216797
36.031429290771484
35.952857971191406
32.7014274597168
33.70857238769531
33.48143005371094
33.23857116699219
33.88428497314453
33.03428649902344
32.74142837524414
32.90142822265625
32.781429290771484
33.772857666015625
33.9471435546875
34.38142776489258
35.11000061035156
35.21714401245117
33.869998931884766
33.84857177734375
34.6485710144043
34.67571258544922
35.128570556640625
35.4042854309082
35.371429443359375
37.067142486572266
37.67856979370117
37.78714370727539
38.68571472167969
38.18000030517578
38.81428527832031
39.099998474121094
37.512855529785156
37.66999816894531
37.46571350097656
37.5099983215332
36.94571304321289
36.74571228027344
37.30428695678711
36.73143005371094
35.61428451538086
35.0957145690918
35.09000015258789
36.235713958740234
35.522857666015625
36.531429290771484
36.70857238769531
37.15999984741211
37.869998931884766
37.84857177734375
37.52714157104492
38.28428649902344
41.37571334838867
41.56571578979492
41.77428436279297
42.16285705566406
41.53428649902344
41.61000061035156
42.67571258544922
40.94571304321289
40.9900016784668
39.85714340209961
41.04142761230469
40.20000076293945
39.40142822265625
39.51142883300781
40.218570709228516
38.130001068115234
38.48857116699219
38.08856964111328
37.99856948852539
37.62571334838867
36.74285888671875
37.14285659790039
35.11000061035156
34.44428634643555
32.37714385986328
33.97142791748047
33.202857971191406
34.73285675048828
34.85714340209961
35.182857513427734
34.1485710144043
33.17714309692383
31.068571090698242
29.31571388244629
29.31571388244629
31.362857818603516
30.86142921447754
30.832857131958008
31.698570251464844
32.1485710144043
33.75428771972656
33.57285690307617
33.32428741455078
30.444286346435547
31.252857208251953
30.85714340209961
30.171428680419922
29.13857078552246
30.007143020629883
29.821428298950195
29.81571388244629
24.178571701049805
22.170000076293945
20.53571319580078
18.575714111328125
18.35714340209961
18.36142921447754
18.479999542236328
18.88857078552246
18.21285629272461
18.162857055664062
16.170000076293945
16.181428909301758
16.178571701049805
16.41428565979004
17.108570098876953
17.605714797973633
16.744285583496094
15.945713996887207
15.522856712341309
16.231428146362305
16.715713500976562
16.5771427154541
16.761428833007812
15.962857246398926
15.631428718566895
15.925713539123535
16.719999313354492
16.977142333984375
11.052857398986816
11.342857360839844
11.55142879486084
12.020000457763672
11.725713729858398
11.441429138183594
11.912857055664062
13.184286117553711
12.859999656677246
12.975713729858398
12.924285888671875
12.578571319580078
12.15999984741211
12.535714149475098
12.24571418762207
12.325714111328125
11.597143173217773
10.922857284545898
11.151429176330566
10.638570785522461
10.064286231994629
9.785714149475098
9.122857093811035
9.992856979370117
9.652856826782227
9.218570709228516
9.59571361541748
9.481429100036621
10.017143249511719
9.734286308288574
10.279999732971191
9.917142868041992
10.127142906188965
10.751428604125977
10.30142879486084
10.148571014404297
9.960000038146973
9.974286079406738
9.592857360839844
10.199999809265137
10.138570785522461
10.54857063293457
10.374285697937012
10.085714340209961
9.885713577270508
9.899999618530273
9.898571014404297
10.319999694824219
11.492856979370117
11.328571319580078
12.327142715454102
14.025713920593262
13.6899995803833
13.164285659790039
13.164285659790039
13.482856750488281
13.531429290771484
14.077142715454102
14.779999732971191
14.319999694824219
13.422857284545898
13.238571166992188
13.577142715454102
16.572856903076172
17.68428611755371
17.91857147216797
17.171428680419922
17.567142486572266
17.71428680419922
18.06142807006836
18.46428680419922
18.268571853637695
17.71428680419922
17.834285736083984
17.704286575317383
16.899999618530273
17.58142852783203
17.437143325805664
17.415714263916016
17.407142639160156
16.77142906188965
16.05714225769043
16.141429901123047
15.95285701751709
15.630000114440918
16.18857192993164
15.818571090698242
16.10714340209961
16.44285774230957
15.829999923706055
15.304286003112793
15.027142524719238
15.438570976257324
15.59000015258789
15.171428680419922
15.192856788635254
15.035714149475098
15.738571166992188
15.708571434020996
16.332857131958008
16.431428909301758
17.157142639160156
16.961429595947266
17.170000076293945
17.427143096923828
17.238571166992188
16.972856521606445
16.435714721679688
16.43428611755371
16.281429290771484
16.137142181396484
15.751428604125977
15.785714149475098
15.239999771118164
14.5600004196167
14.258570671081543
14.894286155700684
14.881428718566895
14.449999809265137
15.28857135772705
15.279999732971191
15.29857063293457
15.158571243286133
14.54857063293457
12.525713920593262
12.335714340209961
12.152856826782227
11.962857246398926
11.44857120513916
11.622857093811035
11.747142791748047
10.852856636047363
10.44857120513916
10.492856979370117
10.398571014404297
10.621429443359375
10.34571361541748
11.054286003112793
10.994285583496094
11.068571090698242
10.600000381469727
10.281429290771484
9.994285583496094
10.248571395874023
9.672857284545898
10.272856712341309
10.03857135772705
10.031429290771484
9.920000076293945
9.619999885559082
9.062856674194336
8.992856979370117
9.285714149475098
9.261428833007812
9.411429405212402
9.234286308288574
9.377142906188965
9.0
9.002857208251953
8.975713729858398
8.95142936706543
9.398571014404297
9.532856941223145
9.975713729858398
9.737142562866211
9.40571403503418
9.694286346435547
9.575714111328125
9.54285717010498
9.498571395874023
9.622857093811035
9.784285545349121
9.692856788635254
10.291428565979004
11.674285888671875
11.69857120513916
11.855713844299316
11.46142864227295
11.662857055664062
12.138570785522461
12.128570556640625
11.854286193847656
11.682856559753418
11.609999656677246
11.874285697937012
11.688570976257324
11.420000076293945
11.484286308288574
8.611429214477539
8.144286155700684
8.417142868041992
8.25
8.121429443359375
7.785714149475098
7.695713996887207
7.7014288902282715
8.1128568649292
8.271429061889648
8.257143020629883
8.272856712341309
8.557143211364746
8.558570861816406
8.822856903076172
9.037142753601074
9.187143325805664
9.098570823669434
9.177143096923828
9.371429443359375
9.342857360839844
9.149999618530273
9.022856712341309
8.912857055664062
8.992856979370117
9.062856674194336
8.640000343322754
8.531429290771484
7.989999771118164
7.851428985595703
8.092857360839844
8.09428596496582
7.9885711669921875
8.165714263916016
8.172857284545898
8.285714149475098
8.645713806152344
8.145713806152344
8.008570671081543
8.148571014404297
8.39142894744873
8.255714416503906
8.055713653564453
7.685713768005371
7.87571382522583
7.935713768005371
7.7771430015563965
8.007143020629883
8.065713882446289
8.9399995803833
9.524286270141602
9.508570671081543
10.502857208251953
9.361429214477539
9.35714340209961
9.425713539123535
9.1899995803833
9.251428604125977
9.435713768005371
9.78857135772705
9.622857093811035
9.282856941223145
9.697142601013184
9.74571418762207
8.588570594787598
8.787142753601074
9.9399995803833
11.319999694824219
11.098570823669434
10.985713958740234
11.177143096923828
10.90999984741211
11.097143173217773
10.852856636047363
11.128570556640625
11.170000076293945
11.372857093811035
11.397143363952637
11.640000343322754
11.557143211364746
11.622857093811035
11.771429061889648
11.85714340209961
11.850000381469727
11.722857475280762
11.868571281433105
11.747142791748047
11.625714302062988
11.672857284545898
10.85714340209961
12.378570556640625
11.90999984741211
12.3100004196167
12.282856941223145
12.114286422729492
12.29714298248291
12.96142864227295
13.222857475280762
13.328571319580078
13.528571128845215
13.662857055664062
13.425713539123535
13.35714340209961
13.04857063293457
12.890000343322754
12.949999809265137
12.928570747375488
12.761428833007812
13.227143287658691
13.144286155700684
13.79857063293457
13.71142864227295
14.171428680419922
13.880000114440918
13.70142936706543
14.0
14.470000267028809
14.778571128845215
14.527142524719238
13.925713539123535
13.95714282989502
14.167142868041992
13.972857475280762
14.751428604125977
20.979999542236328
24.222856521606445
23.158571243286133
24.15999984741211
23.957143783569336
23.605714797973633
23.542856216430664
24.96285629272461
24.912857055664062
26.34428596496582
25.994285583496094
25.85285758972168
25.412857055664062
25.421428680419922
26.610000610351562
26.77142906188965
27.072856903076172
28.064285278320312
26.731428146362305
26.735713958740234
25.694286346435547
25.617143630981445
26.29857063293457
26.33142852783203
26.86857032775879
27.0528564453125
25.887142181396484
25.961429595947266
26.134286880493164
25.937143325805664
26.385713577270508
25.7785701751709
26.015714645385742
27.479999542236328
26.90999984741211
26.407142639160156
26.51285743713379
25.90999984741211
26.149999618530273
25.998571395874023
25.899999618530273
25.8271427154541
27.229999542236328
27.177143096923828
27.040000915527344
26.06142807006836
25.24142837524414
24.248571395874023
23.812856674194336
23.522857666015625
23.294286727905273
24.194286346435547
23.724285125732422
24.715713500976562
24.742856979370117
25.21428680419922
25.121429443359375
24.194286346435547
23.402856826782227
23.338571548461914
24.90999984741211
30.998571395874023
30.959999084472656
30.53571319580078
30.792856216430664
30.715713500976562
30.867143630981445
30.415714263916016
30.641429901123047
30.492856979370117
30.09857177734375
29.46428680419922
29.801429748535156
30.915714263916016
31.09857177734375
32.76856994628906
33.424285888671875
34.771427154541016
33.861427307128906
34.14285659790039
34.22142791748047
33.869998931884766
32.65142822265625
32.31142807006836
32.67714309692383
30.59857177734375
30.76285743713379
31.808570861816406
32.32143020629883
31.709999084472656
32.18714141845703
31.9228572845459
31.105714797973633
31.459999084472656
31.56142807006836
30.637142181396484
29.662857055664062
30.770000457763672
30.56999969482422
32.74714279174805
32.689998626708984
33.18714141845703
31.931428909301758
30.985713958740234
30.799999237060547
30.41428565979004
30.299999237060547
30.709999084472656
30.15571403503418
32.040000915527344
31.637142181396484
31.558570861816406
32.157142639160156
33.29999923706055
35.34000015258789
34.83142852783203
34.88142776489258
36.75143051147461
36.854286193847656
37.211429595947266
38.27428436279297
38.058570861816406
37.797142028808594
37.422855377197266
35.75143051147461
34.47142791748047
35.24856948852539
35.18714141845703
34.994285583496094
34.82285690307617
34.92571258544922
35.58856964111328
35.16857147216797
36.262855529785156
36.55714416503906
35.6014289855957
35.771427154541016
36.10714340209961
36.657142639160156
37.02714157104492
37.40142822265625
36.2014274597168
36.98143005371094
37.111427307128906
39.04142761230469
38.62428665161133
38.53571319580078
39.76571273803711
40.388572692871094
39.43428421020508
40.47999954223633
41.121429443359375
40.558570861816406
41.28571319580078
41.77571487426758
42.1585693359375
41.6485710144043
42.021427154541016
44.72285842895508
44.0428581237793
43.058570861816406
43.66428756713867
43.165714263916016
42.7928581237793
43.8457145690918
43.64285659790039
44.832855224609375
43.1485710144043
43.78428649902344
43.87714385986328
44.78714370727539
44.628570556640625
44.172855377197266
46.37428665161133
47.24714279174805
45.959999084472656
46.75143051147461
45.4514274597168
43.18857192993164
41.20428466796875
43.42714309692383
42.978572845458984
46.33714294433594
45.95571517944336
46.12571334838867
47.157142639160156
47.64285659790039
50.71285629272461
46.07428741455078
47.17714309692383
47.317142486572266
46.861427307128906
44.85714340209961
46.75714111328125
45.448570251464844
46.06856918334961
47.038570404052734
48.228572845458984
48.78571319580078
47.9471435546875
46.69428634643555
47.842857360839844
48.272857666015625
47.67571258544922
47.89714431762695
48.93857192993164
49.96571350097656
48.82428741455078
48.18428421020508
48.50285720825195
49.78571319580078
49.69285583496094
50.03428649902344
50.74285888671875
51.78428649902344
52.25714111328125
51.98857116699219
51.84857177734375
50.895713806152344
51.15142822265625
50.63428497314453
50.810001373291016
51.871429443359375
51.99714279174805
53.332855224609375
52.709999084472656
52.33000183105469
53.5528564453125
53.74856948852539
53.81999969482422
53.667144775390625
54.36857223510742
54.05571365356445
53.84714126586914
52.5
52.42714309692383
52.5957145690918
51.83142852783203
51.871429443359375
51.36714172363281
48.5
48.71285629272461
48.150001525878906
47.448570251464844
48.11571502685547
48.279998779296875
47.1971435546875
47.38285827636719
47.1485710144043
46.95857238769531
47.67571258544922
55.531429290771484
55.1542854309082
54.461429595947266
58.11000061035156
57.202857971191406
57.810001373291016
58.47571563720703
57.76856994628906
57.987144470214844
57.77428436279297
58.272857666015625
61.42571258544922
61.49142837524414
61.99856948852539
61.27571487426758
62.36428451538086
62.21571350097656
62.407142639160156
61.17571258544922
62.13571548461914
61.74714279174805
63.85714340209961
64.71857452392578
64.11285400390625
64.60428619384766
63.66143035888672
63.65571212768555
64.99714660644531
64.78571319580078
64.35857391357422
64.0528564453125
62.849998474121094
62.49714279174805
62.36857223510742
61.43714141845703
60.64142990112305
60.388572692871094
60.03571319580078
60.012855529785156
60.61000061035156
57.99856948852539
54.128570556640625
52.977142333984375
53.182857513427734
52.02571487426758
51.26714324951172
50.290000915527344
52.09857177734375
51.84000015258789
50.66999816894531
48.18714141845703
48.28571319580078
49.8414306640625
50.432857513427734
47.81856918334961
46.672855377197266
47.36857223510742
46.61000061035156
47.34428787231445
49.39142990112305
49.78428649902344
53.271427154541016
50.5
49.15285873413086
46.01142883300781
44.887142181396484
45.69571304321289
46.005714416503906
48.07428741455078
48.66428756713867
49.1971435546875
46.59857177734375
45.79142761230469
45.9514274597168
46.93571472167969
49.349998474121094
49.5914306640625
50.26856994628906
49.16999816894531
49.98285675048828
52.07143020629883
53.0957145690918
55.79999923706055
55.97142791748047
57.478572845458984
56.97285842895508
57.31999969482422
59.31428527832031
59.689998626708984
60.29428482055664
59.65285873413086
60.45857238769531
61.19285583496094
61.4471435546875
60.441429138183594
61.18428421020508
61.42856979370117
60.349998474121094
61.1014289855957
61.46571350097656
63.378570556640625
64.0971450805664
63.05571365356445
62.88285827636719
62.788570404052734
62.33714294433594
63.45857238769531
62.801429748535156
63.1542854309082
62.94285583496094
67.5857162475586
66.67713928222656
67.47856903076172
65.8028564453125
63.57857131958008
63.28571319580078
62.650001525878906
62.8514289855957
64.65428924560547
64.15571594238281
63.49142837524414
62.76571273803711
63.452857971191406
64.56428527832031
61.584285736083984
61.128570556640625
60.76856994628906
60.26571273803711
60.665714263916016
60.611427307128906
62.051429748535156
60.388572692871094
60.771427154541016
60.38571548461914
60.407142639160156
61.47142791748047
64.23857116699219
63.69285583496094
64.5057144165039
63.772857666015625
64.50428771972656
64.41000366210938
65.58428955078125
66.57142639160156
66.87857055664062
67.4557113647461
67.43571472167969
68.4557113647461
68.70428466796875
68.4800033569336
67.81428527832031
67.88714599609375
68.23428344726562
68.0857162475586
68.19857025146484
67.52428436279297
67.95428466796875
68.47571563720703
68.43000030517578
69.19857025146484
68.7942886352539
68.07856750488281
65.39286041259766
65.27285766601562
64.93285369873047
65.57286071777344
65.36000061035156
63.25428771972656
63.41428756713867
64.36571502685547
63.355712890625
64.10713958740234
64.22285461425781
64.45428466796875
62.68571472167969
64.2828598022461
65.64856719970703
66.21142578125
65.17857360839844
66.69428253173828
65.94571685791016
64.58285522460938
62.6542854309082
64.16000366210938
64.08428955078125
51.67142868041992
51.012855529785156
51.317142486572266
52.28428649902344
53.521427154541016
54.720001220703125
55.00285720825195
54.20000076293945
55.174285888671875
54.014286041259766
54.144287109375
56.11000061035156
55.487144470214844
54.682857513427734
54.34000015258789
54.75714111328125
54.880001068115234
55.32428741455078
54.650001525878906
54.83714294433594
54.2014274597168
55.1485710144043
54.448570251464844
54.432857513427734
51.871429443359375
52.5914306640625
51.468570709228516
50.924285888671875
49.855712890625
50.165714263916016
49.512855529785156
48.83000183105469
50.33000183105469
50.73143005371094
50.08571243286133
50.13142776489258
48.49714279174805
49.111427307128906
47.7599983215332
47.80428695678711
47.78285598754883
46.720001220703125
45.20571517944336
47.66428756713867
47.77428436279297
48.58856964111328
48.09714126586914
48.06142807006836
48.871429443359375
48.57857131958008
48.84714126586914
49.03285598754883
48.801429748535156
49.84857177734375
47.31142807006836
46.50143051147461
46.74285888671875
47.779998779296875
47.04142761230469
45.547142028808594
46.255714416503906
46.31999969482422
46.25143051147461
48.191429138183594
49.82857131958008
58.468570709228516
61.20571517944336
62.494285583496094
63.79428482055664
64.88143157958984
63.20857238769531
63.400001525878906
63.11428451538086
63.0099983215332
65.27428436279297
64.10143280029297
64.12999725341797
63.47999954223633
63.29571533203125
64.8499984741211
64.98428344726562
65.24714660644531
66.5857162475586
67.13714599609375
67.86571502685547
67.80000305175781
68.31428527832031
67.40571594238281
67.83999633789062
68.33285522460938
69.00428771972656
67.84428405761719
68.60713958740234
67.81571197509766
67.11000061035156
66.80714416503906
64.87428283691406
63.66143035888672
62.15142822265625
62.88428497314453
64.04571533203125
62.628570556640625
60.281429290771484
59.788570404052734
60.44571304321289
60.744285583496094
61.18571472167969
60.71428680419922
62.611427307128906
60.25
59.75143051147461
59.25285720825195
60.36714172363281
59.52714157104492
59.01714324951172
59.1542854309082
60.33000183105469
60.494285583496094
63.04999923706055
62.78571319580078
64.93856811523438
67.81143188476562
68.38714599609375
67.92285919189453
80.29285430908203
81.6500015258789
81.05571746826172
80.06285858154297
79.66857147216797
79.86571502685547
79.77143096923828
80.86856842041016
80.43714141845703
80.40714263916016
79.5
79.57571411132812
79.27143096923828
80.79285430908203
80.07714080810547
80.74857330322266
82.0857162475586
84.27857208251953
83.37714385986328
82.87285614013672
83.8357162475586
87.60713958740234
88.26714324951172
88.06857299804688
88.79000091552734
89.00285339355469
88.83856964111328
87.99285888671875
89.85713958740234
89.50714111328125
89.15142822265625
89.00285339355469
89.12999725341797
88.8085708618164
89.34857177734375
90.45999908447266
89.60428619384766
92.44999694824219
95.87142944335938
95.09428405761719
94.41857147216797
93.43142700195312
95.27285766601562
94.27143096923828
94.74285888671875
93.87142944335938
96.4142837524414
97.31285858154297
96.94428253173828
94.89142608642578
93.08856964111328
92.23143005371094
93.84857177734375
93.63571166992188
94.0442886352539
94.57142639160156
94.0914306640625
93.50714111328125
95.72714233398438
97.22856903076172
101.08714294433594
100.37142944335938
98.12999725341797
115.80999755859375
114.7699966430664
110.55000305175781
112.51000213623047
111.5
110.0999984741211
109.33999633789062
106.43000030517578
106.9000015258789
107.08000183105469
111.55999755859375
114.30999755859375
112.55999755859375
121.1500015258789
123.70999908447266
126.44999694824219
123.5199966430664
123.02999877929688
122.73999786376953
120.51000213623047
123.7300033569336
123.38999938964844
125.36000061035156
124.05000305175781
122.05999755859375
112.48999786376953
103.95999908447266
96.87999725341797
101.5199966430664
110.12999725341797
117.66000366210938
117.62999725341797
115.02999877929688
105.79000091552734
105.44000244140625
101.05999755859375
98.79000091552734
94.94999694824219
99.18000030517578
99.4800033569336
97.51000213623047
95.69000244140625
99.16000366210938
104.08000183105469
104.20999908447266
102.62000274658203
100.30000305175781
98.47000122070312
98.06999969482422
103.76000213623047
102.23999786376953
99.47000122070312
98.3499984741211
103.26000213623047
105.9800033569336
106.11000061035156
111.25
108.33000183105469
108.0999984741211
114.93000030517578
113.33000183105469
113.44999694824219
109.7300033569336
110.2300033569336
101.08999633789062
98.98999786376953
101.69000244140625
98.98999786376953
97.95999908447266
97.31999969482422
100.04000091552734
103.04000091552734
103.06999969482422
105.80000305175781
105.12000274658203
108.37999725341797
107.63999938964844
109.73999786376953
114.05000305175781
113.5
114.05999755859375
109.86000061035156
112.69999694824219
112.86000061035156
108.91999816894531
103.6500015258789
111.3499984741211
117.0999984741211
120.62999725341797
120.22000122070312
123.83999633789062
125.02999877929688
123.30999755859375
124.16000366210938
125.44000244140625
123.33000183105469
125.37000274658203
128.92999267578125
126.80999755859375
130.92999267578125
125.36000061035156
126.9800033569336
124.19999694824219
122.91000366210938
118.91000366210938
120.66999816894531
118.5999984741211
122.63999938964844
122.51000213623047
118.0199966430664
116.62999725341797
116.23999786376953
118.16000366210938
117.33000183105469
117.11000061035156
119.12000274658203
116.70999908447266
114.37999725341797
109.95999908447266
107.66000366210938
117.68000030517578
114.55999755859375
111.38999938964844
114.97000122070312
116.58000183105469
106.55999755859375
107.05999755859375
104.04000091552734
107.88999938964844
107.73999786376953
102.3499984741211
100.72000122070312
99.12000274658203
97.83000183105469
91.1500015258789
94.41000366210938
91.83999633789062
94.08999633789062
91.48999786376953
90.73999786376953
89.70999908447266
82.79000091552734
83.31999969482422
86.12999725341797
88.44999694824219
86.3499984741211
87.4000015258789
89.05000305175781
94.76000213623047
90.48999786376953
89.2300033569336
91.93000030517578
89.12000274658203
91.61000061035156
94.52999877929688
94.79000091552734
93.41000366210938
98.30000305175781
97.61000061035156
97.93000030517578
101.58000183105469
95.48999786376953
96.2300033569336
98.0
97.36000061035156
97.66000366210938
98.12999725341797
97.86000061035156
99.3499984741211
99.72000122070312
101.12000274658203
101.05999755859375
99.83999633789062
99.58999633789062
98.36000061035156
101.20999908447266
104.12999725341797
102.19000244140625
102.2300033569336
105.69999694824219
104.3499984741211
104.94000244140625
104.83000183105469
104.44999694824219
103.80999755859375
102.68000030517578
106.9800033569336
109.6500015258789
110.41999816894531
111.51000213623047
108.4000015258789
94.33999633789062
96.7699966430664
94.9800033569336
95.9000015258789
93.55999755859375
92.43000030517578
91.04000091552734
90.27999877929688
90.02999877929688
93.11000061035156
91.54000091552734
90.79000091552734
89.37000274658203
90.83999633789062
90.54000091552734
92.88999938964844
90.0199966430664
87.73999786376953
87.87999725341797
89.12000274658203
88.62999725341797
90.5
89.55000305175781
92.48999786376953
94.88999938964844
97.88999938964844
100.19999694824219
102.80999755859375
103.30000305175781
102.56999969482422
101.51000213623047
101.25
99.58999633789062
100.73999786376953
99.88999938964844
97.86000061035156
97.08999633789062
93.75
93.8499984741211
94.12000274658203
94.29000091552734
95.44000244140625
94.44999694824219
93.80000305175781
90.98999786376953
90.01000213623047
91.66000366210938
88.44000244140625
85.33000183105469
87.97000122070312
91.05999755859375
91.4800033569336
96.66999816894531
97.91000366210938
94.5999984741211
95.0999984741211
97.05999755859375
94.66999816894531
95.97000122070312
96.43000030517578
98.0199966430664
98.38999938964844
98.80999755859375
85.83999633789062
87.91000366210938
85.98999786376953
85.88999938964844
87.66000366210938
91.41000366210938
92.04000091552734
91.6500015258789
91.25
94.37000274658203
93.55999755859375
93.0999984741211
93.44000244140625
97.02999877929688
95.11000061035156
93.98999786376953
93.93000030517578
95.88999938964844
96.58999633789062
95.30999755859375
95.12000274658203
96.37000274658203
96.16000366210938
95.87000274658203
95.26000213623047
95.94000244140625
95.18000030517578
97.31999969482422
97.58000183105469
97.30000305175781
97.44999694824219
97.44999694824219
97.37999725341797
97.37999725341797
100.08999633789062
99.1500015258789
99.66000366210938
96.5
99.05000305175781
96.08999633789062
97.01000213623047
97.33999633789062
99.4800033569336
98.05999755859375
98.25
94.87999725341797
95.83000183105469
95.94000244140625
94.55999755859375
97.06999969482422
97.4800033569336
96.66999816894531
98.55000305175781
102.62999725341797
102.33999633789062
106.27999877929688
105.06999969482422
104.81999969482422
103.33000183105469
100.58999633789062
99.5
100.2300033569336
101.47000122070312
99.80000305175781
118.79000091552734
121.87000274658203
123.3499984741211
127.5
127.33000183105469
126.51000213623047
126.97000122070312
126.47000122070312
126.56999969482422
124.87000274658203
123.30000305175781
122.33999633789062
122.13999938964844
122.02999877929688
124.58000183105469
124.33999633789062
122.19000244140625
115.41999816894531
114.77999877929688
113.37999725341797
113.58999633789062
115.19000244140625
115.02999877929688
115.20999908447266
117.95999908447266
118.04000091552734
117.69000244140625
117.41000366210938
116.93000030517578
117.51000213623047
117.0
117.22000122070312
120.80999755859375
119.16000366210938
124.56999969482422
125.38999938964844
123.23999786376953
122.87999725341797
122.83000183105469
123.77999877929688
123.44000244140625
125.0
124.22000122070312
125.44999694824219
125.12000274658203
126.5
125.58000183105469
125.58999633789062
128.35000610351562
125.88999938964844
125.33000183105469
123.80000305175781
127.48999786376953
129.41000366210938
131.80999755859375
131.07000732421875
130.9499969482422
129.88999938964844
130.5
129.17999267578125
133.6999969482422
132.88999938964844
133.25999450683594
138.41000366210938
138.60000610351562
137.38999938964844
140.11000061035156
139.52000427246094
138.9600067138672
142.4499969482422
141.22000122070312
140.7100067138672
140.77999877929688
139.1999969482422
140.25
140.97000122070312
144.0
144.74000549316406
144.13999938964844
144.82000732421875
143.1999969482422
140.82000732421875
142.27000427246094
142.00999450683594
142.22000122070312
142.60000610351562
143.86000061035156
142.77999877929688
143.25
143.41000366210938
142.1300048828125
142.64999389648438
139.52999877929688
139.13999938964844
141.94000244140625
141.42999267578125
140.32000732421875
140.52999877929688
140.88999938964844
143.52000427246094
143.19000244140625
145.25
144.38999938964844
145.11000061035156
145.8300018310547
142.4199981689453
142.64999389648438
141.83999633789062
142.02000427246094
144.05999755859375
145.1699981689453
146.47000122070312
148.05999755859375
147.80999755859375
146.9199981689453
145.5
143.6199951171875
143.74000549316406
143.11000061035156
143.85000610351562
144.35000610351562
143.8300018310547
142.9199981689453
147.25
143.36000061035156
139.75999450683594
141.17999267578125
142.8699951171875
143.8300018310547
152.16000366210938
150.1699981689453
153.0800018310547
152.1999969482422
155.35000610351562
156.4499969482422
155.58999633789062
157.25
156.60000610351562
156.3800048828125
157.4600067138672
160.27999877929688
158.5399932861328
160.80999755859375
160.02000427246094
159.41000366210938
153.1999969482422
155.6999969482422
157.02000427246094
157.16000366210938
157.9499969482422
157.75
163.0500030517578
162.42999267578125
163.22000122070312
163.07000732421875
162.99000549316406
165.17999267578125
165.05999755859375
165.1699981689453
165.61000061035156
165.8800048828125
158.02999877929688
151.44000244140625
152.72000122070312
152.1999969482422
151.75999450683594
152.3800048828125
153.39999389648438
152.0500030517578
155.02999877929688
154.88999938964844
158.02000427246094
157.5
151.02999877929688
153.41000366210938
150.08999633789062
149.41000366210938
146.1699981689453
147.61000061035156
146.25
150.17999267578125
152.6699981689453
154.3300018310547
158.75
158.2100067138672
161.1199951171875
161.6999969482422
183.60000610351562
183.86000061035156
183.60000610351562
188.5399932861328
187.91000366210938
186.97000122070312
189.0800018310547
182.67999267578125
184.0399932861328
181.66000366210938
182.02999877929688
180.74000549316406
179.22999572753906
180.27000427246094
181.3300018310547
178.36000061035156
175.77999877929688
169.13999938964844
171.39999389648438
171.0
168.5
169.97999572753906
166.08999633789062
166.5399932861328
166.75999450683594
169.33999633789062
169.05999755859375
168.1300048828125
165.9499969482422
167.1199951171875
168.80999755859375
174.69000244140625
174.7100067138672
174.74000549316406
174.52000427246094
179.25
179.0
176.4199981689453
181.74000549316406
185.14999389648438
183.63999938964844
182.6300048828125
182.35000610351562
184.6199951171875
185.67999267578125
185.50999450683594
188.77999877929688
187.35000610351562
178.5500030517578
179.3800048828125
181.97000122070312
180.6999969482422
181.35000610351562
177.00999450683594
179.19000244140625
184.4499969482422
194.38999938964844
198.02000427246094
196.8699951171875
195.0800018310547
194.9499969482422
195.86000061035156
199.49000549316406
202.67999267578125
199.47999572753906
195.5399932861328
195.1300048828125
194.16000366210938
192.47000122070312
196.02000427246094
193.77000427246094
195.2100067138672
199.5399932861328
198.3699951171875
196.42999267578125
198.0
199.32000732421875
200.00999450683594
200.1300048828125
195.88999938964844
196.44000244140625
193.89999389648438
192.02000427246094
195.0800018310547
195.7100067138672
192.1199951171875
195.50999450683594
193.1999969482422
194.10000610351562
196.22999572753906
196.32000732421875
195.75
195.0500030517578
199.17999267578125
188.14999389648438
187.5800018310547
186.82000732421875
184.0399932861328
184.2100067138672
185.3000030517578
185.1999969482422
188.5399932861328
186.22000122070312
185.72999572753906
187.86000061035156
189.55999755859375
190.1199951171875
190.4199981689453
187.02000427246094
188.82000732421875
188.6199951171875
189.94000244140625
187.75999450683594
186.24000549316406
192.7100067138672
191.9600067138672
