27.436445236206055
27.327625274658203
26.879276275634766
27.0577449798584
27.3145694732666
27.440805435180664
27.053403854370117
26.731279373168945
26.883628845214844
26.94021987915039
26.96198844909668
27.053403854370117
26.879276275634766
26.457046508789062
26.36562728881836
26.09575080871582
26.28728485107422
26.92280387878418
27.127395629882812
27.719390869140625
27.13174819946289
27.257976531982422
27.36245346069336
27.701984405517578
27.736806869506836
27.828205108642578
27.684568405151367
27.736806869506836
27.715036392211914
27.575746536254883
27.292808532714844
27.56704330444336
27.56268310546875
27.575746536254883
27.54962921142578
27.506093978881836
27.2623291015625
27.201396942138672
27.218809127807617
27.297155380249023
27.35810089111328
27.388561248779297
28.71621322631836
28.85985565185547
28.90338134765625
28.964311599731445
28.56821060180664
28.751035690307617
28.864212036132812
28.951271057128906
28.646556854248047
28.011037826538086
27.636686325073242
27.70633888244629
28.167743682861328
28.13292121887207
27.915271759033203
28.233041763305664
27.950088500976562
27.823856353759766
27.340686798095703
27.584453582763672
27.72420310974121
27.435958862304688
28.077964782714844
28.444826126098633
28.55400848388672
28.379318237304688
28.562746047973633
29.18291664123535
29.51920509338379
29.733205795288086
29.658967971801758
29.781261444091797
29.838016510009766
30.344646453857422
30.353376388549805
30.296611785888672
30.12627410888672
30.322813034057617
30.100069046020508
30.720243453979492
32.161476135253906
31.724733352661133
31.628658294677734
31.39718246459961
31.28800392150879
31.506362915039062
31.156980514526367
30.69403076171875
30.960453033447266
32.074127197265625
32.082862854003906
32.34490966796875
32.192054748535156
32.54580307006836
32.5545539855957
33.16160202026367
33.23148727416992
33.174720764160156
33.0
32.97816848754883
33.06114959716797
32.97816848754883
33.152889251708984
33.24896240234375
33.087364196777344
33.218379974365234
33.353782653808594
33.71627426147461
33.524105072021484
33.06114959716797
33.681339263916016
33.698795318603516
33.5721549987793
34.000144958496094
34.34518051147461
34.598487854003906
34.3189697265625
33.982669830322266
33.995784759521484
34.10497283935547
34.44562530517578
34.55917739868164
34.76443862915039
34.64653015136719
34.56354522705078
34.54170608520508
34.55917739868164
34.42378616333008
34.480567932128906
34.87799835205078
34.84306716918945
34.598487854003906
33.559043884277344
33.396942138671875
33.471431732177734
33.48894119262695
33.629150390625
34.413368225097656
34.28630065917969
33.88325119018555
33.782474517822266
34.0234489440918
34.25563430786133
34.24249267578125
34.49659729003906
34.45277404785156
34.277549743652344
34.18552780151367
33.92267608642578
33.94895935058594
33.773719787597656
33.773719787597656
33.69925308227539
32.936927795410156
32.932552337646484
33.04646301269531
32.76606750488281
32.15272903442383
32.31044006347656
32.20090866088867
31.863569259643555
31.390413284301758
31.499942779541016
31.854814529418945
31.4429931640625
32.3936767578125
31.916141510009766
31.053071975708008
30.89096450805664
30.930387496948242
31.329072952270508
31.84605598449707
31.837276458740234
32.41122055053711
32.46816635131836
32.80110549926758
32.888736724853516
32.9500732421875
32.77922058105469
33.112186431884766
33.50647735595703
34.102298736572266
34.2205924987793
34.356407165527344
34.28608703613281
34.40913772583008
34.00923156738281
34.54976272583008
34.022422790527344
34.37399673461914
34.91889190673828
34.70796585083008
34.62886428833008
34.703575134277344
34.51021194458008
34.41792297363281
34.70796585083008
34.99801254272461
34.78267288208008
34.83540344238281
33.05122375488281
32.89741897583008
32.36567306518555
32.17671585083008
32.220664978027344
32.31733703613281
32.457977294921875
32.69086837768555
32.756797790527344
32.51509475708008
32.00973129272461
31.126422882080078
32.04488754272461
32.32613754272461
31.838340759277344
31.310993194580078
31.80757713317871
31.76362419128418
32.123985290527344
32.53268051147461
32.47555160522461
32.67330551147461
32.563438415527344
32.25143051147461
31.948196411132812
31.495567321777344
31.85151481628418
32.058067321777344
32.04488754272461
32.07563781738281
32.20747375488281
31.750446319580078
31.719694137573242
32.10200500488281
32.277801513671875
32.79634094238281
32.77876281738281
32.33492660522461
32.053672790527344
32.49312210083008
32.73482131958008
32.194297790527344
32.61177444458008
32.90621566772461
33.332481384277344
33.66645812988281
33.517051696777344
33.671348571777344
33.904991149902344
33.82124328613281
33.30543899536133
33.561126708984375
33.44651794433594
33.60521697998047
33.7991828918457
33.64047622680664
33.12469482421875
32.96159362792969
32.89546203613281
32.864601135253906
33.102657318115234
33.59640121459961
33.34512710571289
33.107059478759766
33.26136016845703
33.05415344238281
33.71101760864258
33.882930755615234
34.24443435668945
34.187129974365234
34.385501861572266
34.29293441772461
34.5838737487793
34.67204284667969
34.24001693725586
34.68968200683594
34.165061950683594
34.07250213623047
34.36345291137695
34.398719787597656
33.90938949584961
33.73746109008789
34.173912048339844
33.865299224853516
33.96229553222656
34.1077766418457
34.6500129699707
34.262062072753906
34.56184005737305
34.42959213256836
35.09524917602539
34.0019645690918
33.84767150878906
34.01519012451172
33.90938949584961
34.00638198852539
33.658103942871094
33.97111511230469
33.97111511230469
33.825626373291016
34.054874420166016
34.0769157409668
34.0019645690918
34.62796401977539
34.610328674316406
34.78666305541992
34.79988098144531
34.95418930053711
35.27159118652344
35.03795623779297
35.14375305175781
34.851924896240234
34.73251724243164
35.0553092956543
34.851924896240234
35.338294982910156
36.27569580078125
36.434879302978516
36.18726348876953
36.46583938598633
36.178436279296875
36.18726348876953
36.08556365966797
35.90427780151367
36.04135513305664
36.244754791259766
36.17401123046875
35.6876220703125
35.426734924316406
35.74509811401367
35.26313018798828
39.574302673339844
39.40627670288086
39.441650390625
38.77839660644531
39.48585891723633
39.923622131347656
39.45048141479492
38.94198989868164
39.27804183959961
38.57057189941406
38.55288314819336
37.75697326660156
37.624324798583984
37.664119720458984
38.48655319213867
38.5484619140625
39.30900573730469
40.07837677001953
39.73348617553711
39.95899963378906
40.193336486816406
40.520538330078125
40.87870407104492
40.65761184692383
41.12188720703125
41.10862731933594
41.32086944580078
41.54196548461914
41.864749908447266
41.829368591308594
41.46678161621094
41.98854064941406
41.953182220458984
42.36439514160156
42.501468658447266
42.227317810058594
42.474937438964844
42.65623474121094
42.868473052978516
43.02323532104492
43.076297760009766
43.310646057128906
43.0188102722168
43.24431610107422
43.90314483642578
43.195674896240234
43.35043716430664
43.55382537841797
43.79704284667969
43.920833587646484
43.20893859863281
42.90385818481445
43.182411193847656
42.98286437988281
42.64583969116211
42.31771469116211
41.333251953125
41.905303955078125
43.04938507080078
42.056068420410156
42.539424896240234
42.55717468261719
42.69905471801758
42.938514709472656
43.14694595336914
42.9606819152832
42.63697814941406
42.140323638916016
41.46185302734375
41.21796417236328
42.069374084472656
43.04050827026367
42.56603240966797
42.50837326049805
42.13144302368164
41.55498123168945
41.155879974365234
41.235694885253906
41.510643005371094
41.46628952026367
42.50395584106445
42.64141845703125
42.72565841674805
41.905303955078125
41.37760543823242
42.069374084472656
40.90754318237305
40.76122283935547
41.39533996582031
41.03615951538086
41.39090347290039
40.703575134277344
40.42863464355469
41.129276275634766
40.4907112121582
40.79669952392578
40.8144416809082
40.73460006713867
41.51506423950195
41.55054473876953
42.095977783203125
42.13144302368164
42.31326675415039
42.9340934753418
43.13421630859375
43.19202423095703
43.916927337646484
43.570037841796875
43.369911193847656
43.7879524230957
43.098628997802734
43.329891204833984
42.920753479003906
42.400413513183594
43.15644073486328
42.609432220458984
42.88960647583008
42.9340934753418
43.36548614501953
43.7257080078125
45.3534049987793
45.12214279174805
44.76192855834961
44.023658752441406
44.17487335205078
44.41947937011719
44.86865234375
44.619598388671875
44.272708892822266
44.32164764404297
44.35277557373047
44.29940414428711
44.84642028808594
44.79304504394531
44.459510803222656
44.148193359375
44.263816833496094
44.39724349975586
44.42837905883789
43.82798767089844
44.46840286254883
44.6018180847168
44.5395622253418
44.966495513916016
44.89533615112305
44.890892028808594
44.410579681396484
44.548458099365234
43.95695495605469
44.81972885131836
44.841957092285156
44.65963363647461
44.57069778442383
45.117698669433594
45.55797576904297
45.71364212036133
45.52685546875
45.4334602355957
46.00271987915039
46.68758773803711
46.585304260253906
46.536380767822266
46.52305221557617
46.42965316772461
46.442989349365234
45.99382400512695
45.73588180541992
45.61993408203125
45.33898162841797
45.379112243652344
45.535194396972656
45.71357727050781
45.46384811401367
45.49952697753906
45.236419677734375
45.1962890625
46.08371353149414
46.324520111083984
46.27993392944336
46.088165283203125
46.627750396728516
46.712493896484375
47.26991653442383
47.50626754760742
47.6222038269043
47.8050537109375
47.36800765991211
46.922088623046875
48.924354553222656
48.01464080810547
48.17071533203125
48.799495697021484
48.99571990966797
48.98233413696289
49.62894821166992
48.7281494140625
48.803958892822266
49.28558349609375
50.12840270996094
50.097190856933594
49.90098190307617
50.097190856933594
50.302330017089844
50.449485778808594
50.38705062866211
50.877601623535156
50.83744812011719
50.38705062866211
49.82516860961914
50.60110855102539
51.24773025512695
51.28786087036133
51.38151168823242
51.207584381103516
51.626773834228516
52.06380081176758
51.33690643310547
51.064884185791016
51.443939208984375
51.04258346557617
50.41826629638672
50.65907287597656
50.99799728393555
51.27448272705078
51.2031364440918
51.26555633544922
50.0793571472168
47.657894134521484
46.3200569152832
46.16843032836914
48.50071716308594
50.22205352783203
50.16854476928711
49.83408737182617
48.442745208740234
49.36583709716797
49.55809020996094
49.039485931396484
49.96045684814453
49.115482330322266
49.34796905517578
49.991764068603516
50.02304458618164
50.894832611083984
51.67276382446289
51.53416442871094
51.435794830322266
52.11088562011719
51.847110748291016
51.60568618774414
51.31956481933594
55.88417434692383
54.60554122924805
53.501285552978516
54.97661590576172
55.361087799072266
55.978057861328125
55.55780792236328
55.074981689453125
54.587684631347656
55.84394073486328
55.85735321044922
56.52349090576172
56.24631118774414
56.25972366333008
57.578575134277344
58.32966995239258
59.55464553833008
59.17910385131836
59.22381591796875
59.19700622558594
58.35648727416992
58.73651123046875
58.48616027832031
58.69628143310547
58.62025451660156
58.58000946044922
58.65155792236328
58.745452880859375
58.280494689941406
58.951114654541016
58.91533660888672
58.33415985107422
58.11954116821289
56.966087341308594
56.32231521606445
54.480377197265625
55.1956901550293
54.80226135253906
56.2328987121582
56.2328987121582
59.304298400878906
59.21934509277344
59.24170684814453
59.9659538269043
60.05536651611328
59.13887405395508
59.599361419677734
59.304298400878906
57.72612380981445
59.16122817993164
58.97749328613281
59.022300720214844
57.74057388305664
57.65092086791992
56.59777069091797
57.30137252807617
57.637481689453125
58.67721939086914
58.35902786254883
57.597164154052734
58.17080307006836
59.08952331542969
57.68231964111328
56.62913513183594
57.19382095336914
57.597164154052734
56.69188690185547
56.0196418762207
55.141258239746094
55.91209411621094
55.11436462402344
53.644412994384766
52.766014099121094
53.375518798828125
53.72509002685547
52.68535232543945
52.443359375
51.59185028076172
52.27305603027344
52.91840362548828
54.28079605102539
54.56761169433594
54.406272888183594
54.77377700805664
53.40241622924805
54.854434967041016
55.5804443359375
56.6112060546875
56.06446838378906
56.010677337646484
53.93125534057617
51.24229049682617
49.33314514160156
49.90679168701172
51.4574089050293
50.193603515625
50.57005310058594
51.79802322387695
52.13859939575195
52.524024963378906
53.1604118347168
53.93125534057617
53.96709442138672
54.13739776611328
55.91209411621094
56.109283447265625
55.20399856567383
56.39611053466797
55.768672943115234
55.23847961425781
55.04977798461914
53.24353790283203
53.74677276611328
52.41679763793945
52.91105651855469
53.98940658569336
54.6453971862793
55.175594329833984
55.58896255493164
56.77512741088867
56.604408264160156
58.15901184082031
58.32078170776367
56.110145568847656
55.40024948120117
55.121665954589844
55.25647735595703
55.750709533691406
55.23847961425781
55.346317291259766
53.89054489135742
53.62096405029297
54.19608688354492
54.18709945678711
53.39631271362305
52.048362731933594
52.614501953125
53.54010009765625
53.45920181274414
53.468204498291016
53.531089782714844
53.52211380004883
53.57603073120117
53.98940658569336
53.40528869628906
53.20759582519531
53.504146575927734
53.26152038574219
52.60551452636719
52.9649772644043
53.549076080322266
53.486175537109375
53.11773681640625
52.29099655151367
52.50666046142578
52.76726531982422
53.1986083984375
51.23062515258789
52.111270904541016
51.500213623046875
51.34744644165039
51.31148910522461
50.430843353271484
51.257572174072266
50.75434875488281
50.314029693603516
50.85320281982422
50.314029693603516
50.17922592163086
50.493743896484375
49.6220817565918
49.361488342285156
49.145179748535156
48.17182159423828
48.937889099121094
48.261959075927734
48.77567672729492
49.51470184326172
49.66791534423828
49.4876594543457
48.77567672729492
48.94690704345703
48.189876556396484
48.406158447265625
48.99197006225586
49.361473083496094
49.181236267089844
48.77567672729492
47.39675521850586
46.76588439941406
47.84738540649414
49.685935974121094
49.749027252197266
50.118534088134766
49.749027252197266
50.28977966308594
50.39792251586914
51.118919372558594
51.21805191040039
52.32659149169922
52.263511657714844
52.71414566040039
52.15534973144531
52.0381965637207
52.056209564208984
52.056209564208984
51.36226272583008
51.127933502197266
51.4974479675293
50.80348587036133
50.280757904052734
49.974342346191406
50.0193977355957
49.938289642333984
49.496665954589844
49.343467712402344
49.379512786865234
50.3348274230957
50.45199966430664
50.26274490356445
49.685935974121094
51.127933502197266
50.8755989074707
51.16399383544922
51.263118743896484
51.24509811401367
51.56053924560547
53.08364486694336
52.867347717285156
53.732540130615234
54.27330017089844
53.39006042480469
53.173763275146484
52.840309143066406
52.272525787353516
51.94807815551758
52.90605545043945
52.43609619140625
51.88481140136719
52.164974212646484
50.76414108276367
50.00498962402344
50.61954116821289
50.041133880615234
49.82423400878906
50.131507873535156
49.86942672729492
49.661563873291016
49.589256286621094
50.0140266418457
50.07728576660156
49.842315673828125
49.164493560791016
50.0140266418457
48.12516403198242
47.14006423950195
47.58292770385742
47.60098648071289
47.12199020385742
47.103912353515625
47.022586822509766
46.805694580078125
46.805694580078125
46.832786560058594
47.393123626708984
47.022586822509766
46.652042388916016
46.118804931640625
46.29054260253906
46.814720153808594
46.89605712890625
46.78759765625
46.87798309326172
46.136898040771484
46.96835708618164
46.89605712890625
47.0135612487793
45.350624084472656
44.84453201293945
44.934913635253906
44.943931579589844
45.15179443359375
46.010372161865234
46.164024353027344
46.20016098022461
45.54043197631836
45.883853912353516
45.37773513793945
45.305442810058594
45.8025016784668
46.624935150146484
46.18207931518555
46.34477233886719
46.73338317871094
46.39898681640625
46.56167221069336
46.10074234008789
45.757320404052734
45.251216888427734
45.9405517578125
45.76821517944336
47.028968811035156
45.86799240112305
47.2557258605957
46.756866455078125
46.91106033325195
46.747802734375
47.4371337890625
46.974571228027344
46.52104568481445
46.185447692871094
46.1219596862793
46.974571228027344
47.4371337890625
47.292015075683594
47.083396911621094
46.52104568481445
46.276161193847656
46.31242752075195
46.10382080078125
47.14688491821289
48.135536193847656
48.126468658447266
48.89743423461914
48.41673278808594
48.17181396484375
47.7908821105957
47.527835845947266
47.99948501586914
48.66161346435547
48.31694030761719
48.00856399536133
48.25345230102539
48.289737701416016
48.48020553588867
48.852088928222656
48.66161346435547
48.24437713623047
48.14461135864258
47.98134994506836
48.09019088745117
47.890647888183594
47.49155044555664
47.890647888183594
47.899723052978516
48.870235443115234
50.16725540161133
50.992645263671875
50.87472915649414
51.20127487182617
51.373600006103516
51.05614471435547
51.473384857177734
52.02665710449219
52.82484436035156
52.053863525390625
52.480167388916016
52.32596969604492
51.84525680541992
52.56180191040039
52.58907699584961
51.58826446533203
51.65195083618164
51.4517822265625
51.415401458740234
51.2789192199707
51.342613220214844
51.56095886230469
52.115966796875
52.46171569824219
52.40712356567383
52.58907699584961
53.389747619628906
52.7801628112793
49.05888366699219
50.37816619873047
51.2789192199707
50.88768768310547
51.515472412109375
51.570068359375
50.987770080566406
50.70571517944336
50.551048278808594
50.07791519165039
50.02332305908203
50.16891098022461
50.14160919189453
49.950538635253906
49.9687385559082
50.56013107299805
50.350868225097656
51.169734954833984
51.05146026611328
50.82400131225586
51.315311431884766
50.81488800048828
50.469139099121094
50.450965881347656
50.187095642089844
50.469139099121094
50.414554595947266
50.03242111206055
50.105201721191406
49.613895416259766
49.55931091308594
49.086185455322266
49.404632568359375
49.94144058227539
49.64118576049805
49.35003662109375
49.31364059448242
48.92240905761719
48.02165985107422
47.13001251220703
47.02083969116211
47.10272216796875
46.92074966430664
47.49396896362305
47.32109069824219
47.630428314208984
47.84880065917969
48.1490478515625
48.21274948120117
47.74713134765625
48.3679313659668
48.39530563354492
47.91146469116211
48.59617233276367
48.56878662109375
48.80615997314453
49.32651901245117
49.582149505615234
49.90167999267578
48.29490280151367
46.65158462524414
47.49150848388672
47.07154846191406
48.01189041137695
47.83842849731445
48.249244689941406
48.64181900024414
48.340545654296875
48.714847564697266
48.5413932800293
53.86387252807617
53.54434585571289
52.549224853515625
52.18405532836914
52.93267059326172
53.61737823486328
53.11526107788086
53.15176773071289
52.896148681640625
52.95093536376953
52.75920867919922
52.63140106201172
52.74094772338867
53.95517349243164
54.73118591308594
53.81822967529297
54.21993637084961
53.279579162597656
53.08788299560547
53.5626106262207
53.90951919555664
54.63074493408203
54.58510971069336
54.90462875366211
54.55772018432617
54.58510971069336
54.2838249206543
54.68552780151367
53.92778015136719
53.836490631103516
54.57597351074219
53.46217727661133
53.443912506103516
52.45793533325195
50.16644287109375
48.94308853149414
49.41783142089844
48.94308853149414
49.15305709838867
49.20783996582031
49.05263900756836
48.13969421386719
47.984500885009766
48.378421783447266
48.88225173950195
48.561622619628906
48.33259963989258
47.993656158447266
47.819602966308594
48.579952239990234
48.91889572143555
49.02883529663086
49.22120666503906
49.349456787109375
49.01052474975586
48.854766845703125
49.06548309326172
48.72651290893555
48.7723274230957
48.76316833496094
49.1937370300293
48.250160217285156
48.21351623535156
47.49896240234375
47.517295837402344
47.150856018066406
47.70967102050781
47.80126953125
48.0211296081543
47.19667434692383
47.20582580566406
46.747779846191406
46.5645637512207
46.70197677612305
47.059242248535156
47.63637161254883
47.91120910644531
48.26847839355469
48.6074333190918
49.15708541870117
48.937225341796875
50.329673767089844
52.042747497558594
51.26408386230469
50.63197326660156
50.3754768371582
50.44876480102539
50.49456787109375
51.03504943847656
51.337371826171875
50.52205276489258
51.08085632324219
51.41981887817383
51.38316345214844
51.21828842163086
51.28239440917969
51.87785339355469
52.42750549316406
54.2230224609375
54.27799606323242
54.40625
54.11310577392578
54.34212112426758
54.62610626220703
54.58030700683594
55.29485321044922
55.34980392456055
55.03731155395508
55.23952102661133
55.53363037109375
54.89024353027344
55.699073791503906
56.342464447021484
56.90313720703125
57.14209747314453
59.099857330322266
59.31124496459961
59.55022048950195
59.56861114501953
59.044700622558594
58.44727325439453
59.53184127807617
58.17153549194336
58.50242233276367
57.85902786254883
57.85902786254883
57.49137878417969
