0.33718419075012207
0.3376508355140686
0.3304171860218048
0.3325172960758209
0.33718419075012207
0.33695080876350403
0.3306504189968109
0.3278504014015198
0.33531737327575684
0.33485060930252075
0.33811748027801514
0.33601734042167664
0.3462846577167511
0.33695080876350403
0.33648404479026794
0.32948368787765503
0.3318172097206116
0.32995036244392395
0.3269169330596924
0.32761701941490173
0.32901710271835327
0.32878366112709045
0.32971709966659546
0.33228379487991333
0.3306504189968109
0.33228379487991333
0.336717426776886
0.3413844704627991
0.34161773324012756
0.340917706489563
0.34278443455696106
0.340917706489563
0.33951765298843384
0.33228379487991333
0.33205047249794006
0.33158376812934875
0.33158376812934875
0.332750529050827
0.33135050535202026
0.3306504189968109
0.3362506926059723
0.33695080876350403
0.34161773324012756
0.3444177806377411
0.3460512161254883
0.340917706489563
0.34068429470062256
0.3430177569389343
0.33811748027801514
0.33531737327575684
0.33648404479026794
0.35071811079978943
0.35305169224739075
0.35445162653923035
0.34885141253471375
0.35061028599739075
0.3489686846733093
0.3508448004722595
0.3508448004722595
0.35154834389686584
0.34709247946739197
0.34709247946739197
0.3463889956474304
0.34591996669769287
0.34615442156791687
0.3494376242160797
0.35037586092948914
0.3489686846733093
0.35483184456825256
0.36233654618263245
0.36843398213386536
0.3681994676589966
0.3705447316169739
0.37077921628952026
0.3719518184661865
0.37523511052131653
0.37359344959259033
0.3703101873397827
0.36679235100746155
0.3681994676589966
0.36866867542266846
0.36749589443206787
0.3653852343559265
0.36491626501083374
0.3646816313266754
0.3644471764564514
0.3606947362422943
0.3656196892261505
0.3656196892261505
0.3625710606575012
0.35694247484207153
0.36092931032180786
0.35788050293922424
0.3632744252681732
0.36139827966690063
0.36585426330566406
0.3665578365325928
0.37077921628952026
0.37171727418899536
0.3698410987854004
0.36350902915000916
0.36092931032180786
0.3574114739894867
0.3567078411579132
0.35717692971229553
0.35694247484207153
0.35623884201049805
0.35788050293922424
0.3475615978240967
0.34709247946739197
0.3494376242160797
0.34122946858406067
0.36491626501083374
0.36796507239341736
0.36866867542266846
0.3787529468536377
0.3803946375846863
0.3792220652103424
0.37007564306259155
0.364063024520874
0.35863977670669556
0.3614693284034729
0.3579324185848236
0.36571359634399414
0.3687788248062134
0.3701935112476349
0.3678355813026428
0.3713725507259369
0.37113675475120544
0.3763241767883301
0.3701935112476349
0.36477038264274597
0.35863977670669556
0.366892546415329
0.3633555471897125
0.3562818467617035
0.35415974259376526
0.35463136434555054
0.3562818467617035
0.3612334728240967
0.3626481890678406
0.3699578046798706
0.37207990884780884
0.37302306294441223
0.36948615312576294
0.37160828709602356
0.37655994296073914
0.37773895263671875
0.3739662170410156
0.36948615312576294
0.37443792819976807
0.3805684447288513
0.3857557773590088
0.3713725507259369
0.3709010183811188
0.3621766269207001
0.37349459528923035
0.3775031566619873
0.378682017326355
0.3770315647125244
0.3784462511539459
0.37797465920448303
0.37655994296073914
0.366892546415329
0.3645345866680145
0.36807140707969666
0.3645345866680145
0.3706652522087097
0.3701935112476349
0.3652419447898865
0.3673640489578247
0.364063024520874
0.3687788248062134
0.37420201301574707
0.3753809928894043
0.38316214084625244
0.3968379497528076
0.4093351364135742
0.42230361700057983
0.4220678210258484
0.42772677540779114
0.4428175985813141
0.43951642513275146
0.4458829164505005
0.4438694715499878
0.4431591033935547
0.438184916973114
0.4353426396846771
0.4332110285758972
0.43771129846572876
0.4415009319782257
0.4353426396846771
0.43486887216567993
0.42847388982772827
0.43273720145225525
0.4339215159416199
0.4201839566230774
0.4220787286758423
0.4220787286758423
0.4320266544818878
0.43960610032081604
0.43984296917915344
0.439132422208786
0.43700072169303894
0.43700072169303894
0.42705273628234863
0.42136818170547485
0.42397361993789673
0.42421042919158936
0.4417378604412079
0.4388956129550934
0.44363266229629517
0.4298950433731079
0.43131616711616516
0.44671177864074707
0.44623810052871704
0.4353426396846771
0.42918434739112854
0.4339215159416199
0.43700072169303894
0.4379481375217438
0.43960610032081604
0.4431591033935547
0.4469485878944397
0.45215949416160583
0.45618611574172974
0.44363266229629517
0.4417378604412079
0.44268515706062317
0.43747439980506897
0.43984296917915344
0.43652695417404175
0.44126400351524353
0.4322636127471924
0.43273720145225525
0.438184916973114
0.4275263845920563
0.44007977843284607
0.43297410011291504
0.4287106394767761
0.4263422191143036
0.42539462447166443
0.439132422208786
0.4340165853500366
0.4340165853500366
0.4359200596809387
0.43996524810791016
0.4478175640106201
0.4516245722770691
0.4509108066558838
0.452100545167923
0.4506729245185852
0.4487692415714264
0.4492451250553131
0.45114871859550476
0.45281434059143066
0.45329028367996216
0.4556697607040405
0.46161848306655884
0.46447378396987915
0.4649496078491211
0.46352213621139526
0.4666152596473694
0.46613940596580505
0.4554317593574524
0.45043492317199707
0.44520023465156555
0.4382995069026947
0.44282063841819763
0.436871737241745
0.43734776973724365
0.44115498661994934
0.4461519122123718
0.44448620080947876
0.4485313892364502
0.4449620544910431
0.4413929283618927
0.4547180235385895
0.4523385167121887
0.45329028367996216
0.45900094509124756
0.46090471744537354
0.4604286253452301
0.4592388868331909
0.4387754499912262
0.4413929283618927
0.43948930501937866
0.43020936846733093
0.4309232532978058
0.4233088791370392
0.4216431975364685
0.42307087779045105
0.43020936846733093
0.4164084196090698
0.42092934250831604
0.4199775159358978
0.42021557688713074
0.41973963379859924
0.41545647382736206
0.452100545167923
0.4497210681438446
0.4497210681438446
0.4523385167121887
0.44734153151512146
0.4530523419380188
0.4592388868331909
0.4629434049129486
0.4600754678249359
0.45577338337898254
0.456012487411499
0.4567294418811798
0.464855432510376
0.4595974087715149
0.46342137455940247
0.464855432510376
0.4660504460334778
0.4703524708747864
0.47871747612953186
0.4772834777832031
0.4729815125465393
0.4670064151287079
0.4686794579029083
0.46389955282211304
0.45696842670440674
0.45075446367263794
0.45744648575782776
0.4576854407787323
0.4646165370941162
0.456012487411499
0.4514714777469635
0.44955942034721375
0.4521884322166443
0.44238942861557007
0.44334545731544495
0.4426284730434418
0.4409554600715637
0.4366534352302551
0.43474143743515015
0.43569743633270264
0.43306848406791687
0.42852744460105896
0.4364144504070282
0.4280494749546051
0.4027153551578522
0.4012814462184906
0.41060248017311096
0.4168163537979126
0.4170554578304291
0.41633832454681396
0.4199233949184418
0.43784838914871216
0.42757144570350647
0.43713143467903137
0.4416724443435669
0.4419114887714386
0.4524274170398712
0.44955942034721375
0.4466914236545563
0.4670064151287079
0.4748936593532562
0.481107622385025
0.481107622385025
0.48325854539871216
0.4729815125465393
0.4784785211086273
0.4727424383163452
0.469635546207428
0.467245489358902
0.4729815125465393
0.4708305299282074
0.4820634722709656
0.48026347160339355
0.48818376660346985
0.4908239543437958
0.4939441382884979
0.49370402097702026
0.5021044015884399
0.5033044815063477
0.4939441382884979
0.4946640729904175
0.5073846578598022
0.5028246641159058
0.5057046413421631
0.49922415614128113
0.4975442588329315
0.48650360107421875
0.4862637221813202
0.4711429476737976
0.46970292925834656
0.4644225537776947
0.48338353633880615
0.485303670167923
0.49010398983955383
0.4987441897392273
0.4956241250038147
0.49370402097702026
0.49418410658836365
0.4934641122817993
0.48890379071235657
0.481223464012146
0.48314368724823
0.4749831259250641
0.4605824053287506
0.45938238501548767
0.4766632616519928
0.4785833954811096
0.4725831151008606
0.47186291217803955
0.47378304600715637
0.47042301297187805
0.47906336188316345
0.4805034399032593
0.487223744392395
0.4956241250038147
0.49706417322158813
0.494904100894928
0.4711429476737976
0.46346256136894226
0.4747430682182312
0.4608224332332611
0.4709029495716095
0.48266348242759705
0.4838635325431824
0.49178409576416016
0.48962393403053284
0.48914384841918945
0.5028246641159058
0.4994644224643707
0.5352261066436768
0.5354660153388977
0.5371459722518921
0.5309056639671326
0.5323458909988403
0.5361860990524292
0.5318659543991089
0.5375277400016785
0.5334319472312927
0.5348777174949646
0.5315045714378357
0.5445151329040527
0.5343956351280212
0.5404191017150879
0.5507792830467224
0.5433104634284973
0.5447559356689453
0.5541526079177856
0.5512611865997314
0.5462015271186829
0.546924352645874
0.5534294843673706
0.5601757168769836
0.5510201454162598
0.5594531297683716
0.5654765963554382
0.5471653342247009
0.5396963953971863
0.5069290399551392
0.5052425265312195
0.5151205658912659
0.5172891616821289
0.5042786002159119
0.5062060952186584
0.5074109435081482
0.5221078395843506
0.5266858339309692
0.5305406451225281
0.5428283214569092
0.5483700633049011
0.5433104634284973
0.5387325882911682
0.5452377796173096
0.5418646335601807
0.5348777174949646
0.5322272181510925
0.5315045714378357
0.5375277400016785
0.5353595614433289
0.5307818055152893
0.5348777174949646
0.5375277400016785
0.5334319472312927
0.5348777174949646
0.548129141330719
0.5447559356689453
0.5307818055152893
0.5324680805206299
0.5418646335601807
0.5018693804740906
0.49705076217651367
0.5018693804740906
0.5047606229782104
0.5129525065422058
0.5131933689117432
0.5124704837799072
0.5092756152153015
0.5092756152153015
0.5056448578834534
0.5049183964729309
0.5017719268798828
0.5286394953727722
0.5359011888504028
0.5356590747833252
0.541710376739502
0.5310599207878113
0.5252508521080017
0.5346909165382385
0.5388056039810181
0.5264613032341003
0.5291236639022827
0.5196834802627563
0.5252508521080017
0.510969877243042
0.5100017189979553
0.5162950158119202
0.5223463773727417
0.5310599207878113
0.5293657779693604
0.5271872878074646
0.5136322975158691
0.508549153804779
0.5124220252037048
0.5020139217376709
0.4870067536830902
0.4867647588253021
0.4937843084335327
0.49426835775375366
0.4882170557975769
0.47901907563209534
0.47563034296035767
0.46982118487358093
0.47805097699165344
0.4811975061893463
0.48143959045410156
0.47805097699165344
0.488701194524765
0.48579657077789307
0.47684064507484436
0.47901907563209534
0.46982118487358093
0.47563034296035767
0.4700632393360138
0.46740061044692993
0.47756683826446533
0.4833759665489197
0.48458626866340637
0.48289191722869873
0.4911215901374817
0.4930580258369446
0.49814116954803467
0.494994580745697
0.5562334060668945
0.5755975842475891
0.5726928114891052
0.5741453170776367
0.5693041086196899
0.5697882771492004
0.566157341003418
0.5610042214393616
0.5588168501853943
0.5386419296264648
0.5218701362609863
0.5033971667289734
0.49294501543045044
0.5301346182823181
0.550066351890564
0.5524967908859253
0.5464202761650085
0.5240577459335327
0.5398574471473694
0.5413157939910889
0.5286763906478882
0.5512815713882446
0.5403435230255127
0.5488510727882385
0.5505524277687073
0.5515249371528625
0.5576013922691345
0.5614907145500183
0.5665950775146484
0.5661088228225708
0.5719426274299622
0.5563860535621643
0.5590600371360779
0.5697550773620605
0.5738868713378906
0.5663520097732544
0.5763179063796997
0.5991662740707397
0.5874991416931152
0.6028123497962952
0.6178827285766602
0.6259039044380188
0.6324668526649475
0.6361128687858582
0.6336821913719177
0.6404881477355957
0.6417034864425659
0.6650382876396179
0.6667396426200867
0.6771917343139648
0.6759763360023499
0.6750041246414185
0.6662535071372986
0.6903173923492432
0.69493567943573
0.691775918006897
0.6912897229194641
0.6968804597854614
0.6728163957595825
0.6895880103111267
0.697609543800354
0.6927484273910522
0.6813239455223083
0.6735455989837646
0.7668842077255249
0.7634813189506531
0.748897135257721
0.7416052222251892
0.7389313578605652
0.7243473529815674
0.7389313578605652
0.7389313578605652
0.757108747959137
0.7593046426773071
0.7658923268318176
0.7544248700141907
0.760524570941925
0.7595487236976624
0.7658923268318176
0.7739441990852356
0.7990754246711731
0.7929757237434387
0.791267454624176
0.8234747052192688
0.8078592419624329
0.8188388347625732
0.7980995178222656
0.8046872615814209
0.7927316427230835
0.794683575630188
0.804443359375
0.8093230724334717
0.7971235513687134
0.784191906452179
0.8027353286743164
0.8034674525260925
0.8066393136978149
0.8093230724334717
0.8085910677909851
0.82176673412323
0.8146910667419434
0.8041993379592896
0.7898040413856506
0.8024913668632507
0.7693085670471191
0.7388095259666443
0.7229498028755188
0.7241698503494263
0.7363694310188293
0.7139220833778381
0.6995264887809753
0.6614636182785034
0.6668314933776855
0.6704914569854736
0.6782991886138916
0.6941588521003723
0.6934266686439514
0.7002586126327515
0.6919626593589783
0.6843990683555603
0.7146540284156799
0.7148980498313904
0.6846429109573364
0.6880589127540588
0.6883030533790588
0.6448721289634705
0.6153491735458374
0.6219369769096375
0.6204731464385986
0.6173009276390076
0.6277925968170166
0.6585355997085571
0.674883246421814
0.7329534888267517
0.7427131533622742
0.7690644264221191
0.7710163593292236
0.776384174823761
0.7780922055244446
0.7729684114456177
0.7679481506347656
0.8019866347312927
0.8066394329071045
0.7995379567146301
0.7970890402793884
0.7919467687606812
0.7774985432624817
0.7770087122917175
0.7757845520973206
0.7890080213546753
0.7909669876098633
0.787048876285553
0.8105577230453491
0.8037009835243225
0.8279440999031067
0.8303928375244141
0.8289236426353455
0.8431267142295837
0.8443511724472046
0.8529219031333923
0.8666356205940247
0.8756958246231079
0.8725126385688782
0.8852463960647583
0.8766753673553467
0.8754511475563049
0.8766753673553467
0.8676149249076843
0.8732471466064453
0.8786346912384033
0.8776551485061646
0.8996944427490234
0.9021434187889099
0.9092447757720947
0.9053266644477844
0.8891645669937134
0.8925926685333252
0.8916133642196655
0.8881850242614746
0.8925926685333252
0.8933274745941162
0.9136526584625244
0.8864707350730896
0.8700636625289917
0.8815731406211853
0.8710431456565857
0.8512080311775208
0.856350302696228
0.8651660680770874
0.8639417290687561
0.8805935978889465
0.8830426335334778
0.8710431456565857
1.003523826599121
1.0331549644470215
1.0353586673736572
1.061806082725525
1.0664584636688232
1.0855594873428345
1.0872737169265747
1.1136668920516968
1.109001874923706
1.1207866668701172
1.1269243955612183
1.1470568180084229
1.1492667198181152
1.1573686599731445
1.1411645412445068
1.1352722644805908
1.137481689453125
1.1337991952896118
1.1632609367370605
1.1342897415161133
1.1487758159637451
1.1509851217269897
1.1627700328826904
1.167434811592102
1.1470568180084229
1.167680263519287
1.1605606079101562
1.1595786809921265
1.1905137300491333
1.1227508783340454
1.1107208728790283
1.1269243955612183
1.1453382968902588
1.154177188873291
1.145584225654602
1.162524700164795
1.1698901653289795
1.2003341913223267
1.2484560012817383
1.2771813869476318
1.296331763267517
1.2958405017852783
1.3090986013412476
1.2938767671585083
1.3005053997039795
1.3140090703964233
1.3311947584152222
1.3066436052322388
1.3422433137893677
1.367040753364563
1.3903645277023315
1.3763699531555176
1.3793163299560547
1.401903748512268
1.3928197622299194
1.3758792877197266
1.3795620203018188
1.4050955772399902
1.4289109706878662
1.4421690702438354
1.4458518028259277
1.4365220069885254
1.465738296508789
1.5477412939071655
1.5462679862976074
1.5369385480880737
1.5013386011123657
1.524662733078003
1.5285909175872803
1.534974455833435
1.547395944595337
1.523537039756775
1.5134520530700684
1.5257506370544434
1.5247666835784912
1.5159116983413696
1.5087785720825195
1.5532991886138916
1.5380489826202393
1.5525614023208618
1.5296862125396729
1.540754795074463
1.4640120267868042
1.4942666292190552
1.4726210832595825
1.4856575727462769
1.5419844388961792
1.5456740856170654
1.5660897493362427
1.5518232583999634
1.595359444618225
1.5992953777313232
1.5975737571716309
1.5825697183609009
1.6366829872131348
1.6425861120224
1.6578361988067627
1.68538498878479
1.683663010597229
1.6799734830856323
1.6782519817352295
1.656360149383545
1.6443076133728027
1.6504573822021484
1.6265981197357178
1.6339772939682007
1.607412576675415
1.623154878616333
1.6138076782226562
1.6384047269821167
1.6349616050720215
1.6659536361694336
1.6612799167633057
1.7392520904541016
1.767784595489502
1.7749178409576416
1.7385145425796509
1.735562801361084
1.7503207921981812
1.6984212398529053
1.6912884712219238
1.671610951423645
1.6620173454284668
1.7530262470245361
1.7503207921981812
1.7208049297332764
1.6669371128082275
2.163795232772827
2.05729079246521
2.120014190673828
2.2538204193115234
2.2725141048431396
2.2963740825653076
2.2870278358459473
2.3035061359405518
2.314838171005249
2.31951904296875
2.3182871341705322
2.2971019744873047
2.2712366580963135
2.1589064598083496
2.1788597106933594
2.2633535861968994
2.3005504608154297
2.341935634613037
2.302767276763916
2.2618765830993652
2.2069427967071533
2.245863914489746
2.3759303092956543
2.4316024780273438
2.473480701446533
2.503533124923706
2.5907368659973145
2.6069955825805664
2.638526678085327
2.704298496246338
2.890038251876831
2.6912426948547363
2.7449448108673096
2.6294119358062744
2.51289439201355
2.5715227127075195
2.5062429904937744
2.539745569229126
2.6427152156829834
2.62276029586792
2.5904908180236816
2.5481204986572266
2.5478742122650146
2.4907243251800537
2.53605055809021
2.5904908180236816
2.562161922454834
2.5887653827667236
2.6439459323883057
2.655277967453003
2.7010960578918457
2.7533199787139893
2.7102110385894775
2.689518928527832
2.8070218563079834
2.842494487762451
2.8176145553588867
2.8897924423217773
2.9346253871917725
2.9218156337738037
2.86688232421875
2.7988929748535156
2.669811248779297
2.6796653270721436
2.685084581375122
2.6419754028320312
2.6414828300476074
2.736076593399048
2.7318835258483887
2.4785752296447754
2.502500057220459
2.575261116027832
2.502993106842041
2.535304546356201
2.441824197769165
2.4277660846710205
2.40902042388916
2.4354114532470703
2.430972099304199
2.4304795265197754
2.444784641265869
2.5121188163757324
2.510392904281616
2.5293846130371094
2.560462236404419
2.6162054538726807
2.6995720863342285
2.612258195877075
2.6655349731445312
2.641364097595215
2.6507365703582764
2.6699745655059814
2.6561622619628906
2.6475296020507812
2.6983392238616943
2.686746120452881
2.67318058013916
2.4857285022735596
2.4672293663024902
2.4852349758148193
2.4746296405792236
2.411487340927124
2.420119047164917
2.4001405239105225
2.355250835418701
2.447497606277466
2.44897723197937
2.458597183227539
2.4975666999816895
2.5079262256622314
2.5392513275146484
2.583400011062622
2.5656425952911377
2.605599880218506
2.5725479125976562
2.6302647590637207
2.5523228645324707
2.571315288543701
2.5614492893218994
2.5616958141326904
2.534811019897461
2.5390045642852783
2.991605043411255
3.1201093196868896
3.154393434524536
3.3127424716949463
3.374403476715088
3.150200366973877
3.2821567058563232
3.3579580783843994
3.4295616149902344
3.383390426635742
3.421414375305176
3.413760185241699
3.502152681350708
3.5769662857055664
3.564126968383789
3.564373254776001
3.5465962886810303
3.6544954776763916
3.637953519821167
3.681901693344116
3.94905686378479
3.693754196166992
3.7028894424438477
3.7381973266601562
3.7460989952087402
3.7621476650238037
3.7436294555664062
3.8843677043914795
3.8786885738372803
3.9374523162841797
3.9102931022644043
3.79819655418396
3.7567155361175537
3.619187116622925
3.7468392848968506
3.6216561794281006
3.569312810897827
3.4401791095733643
3.532029151916504
3.5426464080810547
3.6236326694488525
3.7949869632720947
3.8488128185272217
4.012512683868408
3.9660940170288086
4.072758674621582
4.055474758148193
4.097696304321289
4.076462268829346
4.135720252990723
4.150534629821777
4.102387428283691
4.08263635635376
4.129793167114258
3.9935004711151123
4.058931350708008
4.012512683868408
4.061400890350342
4.058931350708008
4.110536575317383
4.128561019897461
4.255472183227539
4.204855442047119
4.249545574188232
4.0675740242004395
3.85078763961792
4.157942295074463
4.12288236618042
4.07769775390625
3.9868338108062744
3.9875755310058594
3.9295525550842285
4.017034530639648
4.097349643707275
4.082275867462158
4.048173427581787
4.076838970184326
4.070165634155273
4.094386100769043
4.1873040199279785
4.21251106262207
4.100069046020508
4.097597122192383
4.116626262664795
4.045206546783447
4.176432132720947
4.191506385803223
4.210287570953369
4.186316013336182
4.450986862182617
4.634849548339844
4.629907608032227
4.592591762542725
4.467051029205322
4.423556804656982
4.225857257843018
4.249579906463623
4.342746734619141
4.3415117263793945
4.417873382568359
4.423556804656982
4.4327006340026855
4.469768524169922
4.467297554016113
4.48039436340332
4.581470489501953
4.6689534187316895
4.718626499176025
4.720848560333252
4.808826923370361
4.8913655281066895
4.886919021606445
4.882717609405518
4.888153553009033
4.865913391113281
4.858994483947754
4.9099016189575195
4.785843849182129
4.836010456085205
4.988487243652344
5.037418365478516
5.110814094543457
5.120451927185059
5.089314937591553
5.15727424621582
5.18050479888916
5.239812850952148
5.168889045715332
5.073992729187012
5.3413848876953125
5.254642963409424
5.2929463386535645
5.189153671264648
5.229434013366699
5.223256587982178
5.290475845336914
5.339157581329346
5.315171718597412
5.365372657775879
5.2956342697143555
5.21081018447876
4.857422828674316
4.9635138511657715
4.888580799102783
4.61605978012085
4.642767906188965
4.680357933044434
4.747869491577148
4.735506057739258
4.81389856338501
4.719432353973389
4.604191780090332
4.611361026763916
4.737236022949219
4.894021511077881
4.849757194519043
4.866819381713867
4.844316482543945
4.82898473739624
4.8826470375061035
4.875969886779785
4.88165807723999
4.785210609436035
