57.93695831298828
58.10067367553711
58.19955825805664
58.529293060302734
59.138519287109375
59.38219451904297
59.152835845947266
58.85181427001953
58.758644104003906
58.86616134643555
59.16716384887695
59.181514739990234
57.97737503051758
56.55823516845703
57.43265151977539
57.43265151977539
57.368167877197266
58.27127456665039
58.586631774902344
58.62247085571289
58.80165100097656
58.54362487792969
57.86272430419922
57.91286849975586
58.61528396606445
59.32484817504883
59.482547760009766
60.600669860839844
60.435813903808594
60.72251892089844
60.220787048339844
61.095211029052734
62.21332931518555
61.93383026123047
61.92665100097656
61.783260345458984
61.381927490234375
61.31740951538086
61.145389556884766
61.102394104003906
61.002052307128906
59.876766204833984
60.34981918334961
60.41429901123047
60.55049133300781
60.95904541015625
60.751190185546875
60.6938362121582
60.45014572143555
60.07029724121094
59.769256591796875
59.31052017211914
57.991722106933594
57.46849060058594
57.97022247314453
57.54733657836914
56.680084228515625
56.801918029785156
57.23194885253906
57.11730194091797
56.66575241088867
56.887943267822266
56.859275817871094
57.14598083496094
57.48283386230469
57.40921401977539
57.0771484375
57.21430206298828
57.30093765258789
57.3370246887207
57.64019012451172
57.65462875366211
57.979469299316406
58.484771728515625
58.94676971435547
59.82740020751953
59.06224822998047
59.0045051574707
58.484771728515625
58.138282775878906
57.90007400512695
58.138282775878906
57.8928337097168
57.387550354003906
57.618568420410156
57.43085861206055
57.34424591064453
57.474151611328125
57.06993103027344
56.976078033447266
57.387550354003906
58.24656677246094
58.347618103027344
58.5352897644043
58.18158721923828
59.38710021972656
59.6108512878418
59.9212646484375
59.45928192138672
60.23164749145508
60.15226364135742
59.58199691772461
60.166690826416016
61.07623291015625
61.71146774291992
61.1556396484375
60.70085906982422
61.04015350341797
60.90297317504883
61.08344268798828
62.570457458496094
61.57432174682617
61.97134017944336
61.68259811401367
61.81974411010742
62.04351043701172
62.361122131347656
62.10126876831055
61.97856140136719
61.567100524902344
61.45159149169922
61.8053092956543
61.89192581176758
61.62485122680664
60.91740798950195
60.939083099365234
60.96796798706055
60.41934585571289
60.49152755737305
60.06854248046875
59.523460388183594
60.43191909790039
60.097618103027344
59.88685607910156
60.08308029174805
59.07284164428711
58.8184814453125
58.869346618652344
58.476905822753906
59.17457962036133
59.34904098510742
59.45803451538086
59.4943962097168
59.625213623046875
59.92320251464844
60.112152099609375
60.257511138916016
60.27930450439453
59.66878890991211
59.770572662353516
59.799625396728516
60.671775817871094
60.497337341308594
60.21390151977539
60.68631362915039
59.86503982543945
59.86503982543945
60.242984771728516
60.221168518066406
59.74148941040039
60.264774322509766
60.21390151977539
59.908660888671875
59.18185806274414
59.63972091674805
59.82869338989258
58.30247497558594
58.92749786376953
58.40421676635742
57.1032829284668
57.28497314453125
57.72102737426758
57.69923400878906
58.30247497558594
58.578636169433594
59.051063537597656
59.225467681884766
57.91727828979492
56.754417419433594
56.81982421875
56.03490447998047
56.69627380371094
56.84889221191406
57.328582763671875
57.58293533325195
57.16141891479492
57.466670989990234
58.19345474243164
57.793701171875
58.760337829589844
59.36638259887695
59.52738952636719
59.69573211669922
59.82015609741211
60.61063003540039
60.12757110595703
59.87139129638672
59.285850524902344
60.054405212402344
59.981170654296875
59.55668640136719
59.915306091308594
60.120262145996094
59.93728256225586
60.310569763183594
60.65456008911133
60.413002014160156
60.71310043334961
61.11567306518555
60.6618766784668
60.552085876464844
60.683837890625
60.44962692260742
61.415740966796875
61.093719482421875
61.415740966796875
61.20352554321289
60.85948944091797
61.15225601196289
61.45234298706055
62.04523468017578
62.61610412597656
62.879634857177734
62.31602478027344
62.51361846923828
62.594146728515625
62.39652633666992
63.545654296875
62.769813537597656
62.86497497558594
62.630741119384766
62.594146728515625
62.879634857177734
62.484371185302734
63.531028747558594
63.428558349609375
63.80181884765625
63.62617874145508
63.845767974853516
63.56028366088867
62.75517272949219
63.3407096862793
63.01866912841797
62.68930435180664
63.01866912841797
62.63805389404297
62.821067810058594
63.33340835571289
63.7286376953125
64.21170806884766
64.65087890625
64.31417846679688
64.5703353881836
64.47080993652344
64.7141342163086
64.82473754882812
64.8911361694336
65.20083618164062
64.7289047241211
64.3159408569336
64.29383087158203
64.55928039550781
64.36019134521484
65.55477905273438
66.43964385986328
65.70226287841797
65.17869567871094
64.92798614501953
65.31880950927734
65.34093475341797
65.4515380859375
65.87924194335938
65.72439575195312
66.12257385253906
66.38064575195312
66.26268005371094
66.16683197021484
66.19631958007812
66.43964385986328
66.25530242919922
67.1623306274414
66.61663818359375
66.73461151123047
66.3585433959961
66.43226623535156
66.29954528808594
65.75386047363281
66.97059631347656
67.77434539794922
67.50888061523438
67.08118438720703
66.46915435791016
65.56217193603516
64.96484375
64.97222900390625
66.13734436035156
65.77599334716797
66.74198150634766
66.29216766357422
66.57976531982422
67.68585968017578
67.25817108154297
67.64899444580078
67.68585968017578
67.7301025390625
67.95134735107422
67.73749542236328
68.01031494140625
67.87757873535156
67.54576110839844
68.71822357177734
68.28314208984375
68.01031494140625
68.26838684082031
68.20203399658203
68.19465637207031
68.8816146850586
68.2132339477539
68.13895416259766
68.22067260742188
67.89388275146484
68.16867065429688
68.0647201538086
67.48544311523438
67.73048400878906
68.7479476928711
68.95588684082031
69.34208679199219
69.65397644042969
69.49803924560547
69.01531982421875
69.43860626220703
68.82221984863281
69.16383361816406
69.17872619628906
69.13414764404297
68.807373046875
68.75537109375
69.43860626220703
69.34208679199219
69.14157104492188
69.7654037475586
69.49060821533203
70.29265594482422
69.7654037475586
69.0747299194336
68.1538314819336
67.42601013183594
67.96074676513672
69.47575378417969
69.60943603515625
70.15155792236328
69.63172912597656
70.25555419921875
70.27041625976562
70.7457046508789
70.32238006591797
71.03533935546875
71.42152404785156
71.16902160644531
71.83740234375
71.95623016357422
71.89679718017578
71.889404296875
72.01567077636719
71.81513214111328
72.15673065185547
73.18162536621094
72.5726318359375
73.09249877929688
72.73602294921875
73.08506774902344
72.82514953613281
73.4415512084961
73.28558349609375
73.47125244140625
73.78317260742188
74.34017181396484
74.02083587646484
74.55554962158203
73.49779510498047
73.0716781616211
73.07916259765625
73.0940933227539
72.60822296142578
71.89805603027344
71.98027038574219
70.82159423828125
70.37309265136719
69.21438598632812
70.05909729003906
71.28507232666016
71.3448486328125
72.22699737548828
72.78012084960938
72.57829284667969
72.54841613769531
72.30918884277344
71.73359680175781
70.68704223632812
70.5973129272461
70.06655883789062
69.53584289550781
71.5691146850586
72.869873046875
72.37647247314453
72.07746124267578
72.02513885498047
72.26433563232422
72.26433563232422
72.72783660888672
72.89228057861328
72.81005859375
73.93136596679688
73.65473937988281
73.77436828613281
72.30171203613281
71.55416870117188
71.78593444824219
70.10395050048828
71.26262664794922
71.91297912597656
72.21199798583984
72.2194595336914
72.29423522949219
71.74105072021484
73.25110626220703
75.05265808105469
74.95549011230469
74.10327911376953
73.52766418457031
74.2527847290039
73.79679107666016
74.05094909667969
74.34249114990234
74.4396743774414
74.3798828125
74.0584487915039
73.99112701416016
74.00609588623047
73.55757141113281
73.26783752441406
73.1700210571289
72.37232208251953
72.27450561523438
71.0628890991211
70.46086883544922
72.02616119384766
70.98011779785156
71.83048248291016
70.83710479736328
71.2209243774414
70.81452941894531
71.74771118164062
72.13150787353516
72.13903045654297
71.68751525878906
71.9659194946289
72.20675659179688
72.63572692871094
71.95842742919922
71.5595703125
72.01109313964844
72.6056137084961
72.40242767333984
72.26697540283203
72.5077896118164
72.39488983154297
71.89069366455078
72.61312866210938
72.71849060058594
72.58303833007812
72.10139465332031
72.62064361572266
72.83138275146484
73.20764923095703
72.04121398925781
71.61978912353516
71.1080551147461
71.05535125732422
71.02526092529297
71.5821762084961
71.91326141357422
72.20675659179688
71.80791473388672
71.85307312011719
71.604736328125
72.65828704833984
72.5077896118164
72.39488983154297
72.55293273925781
73.74946594238281
73.91503143310547
73.7871322631836
73.71186065673828
73.51619720458984
73.1474380493164
72.44005584716797
72.08636474609375
72.53034973144531
73.0420913696289
72.56797790527344
72.2218017578125
72.28201293945312
72.24639129638672
71.36701202392578
70.54065704345703
70.38145446777344
70.55581665039062
71.02586364746094
71.3291015625
71.0637435913086
70.2298583984375
70.91972351074219
71.29875946044922
72.19332122802734
71.91280364990234
72.47381591796875
72.47381591796875
72.2387924194336
71.89008331298828
71.95071411132812
71.02586364746094
70.7605209350586
71.65508270263672
71.7612075805664
71.5641098022461
73.08028411865234
72.4814224243164
71.7081527709961
72.43588256835938
73.70193481445312
73.63372039794922
73.04239654541016
73.45930480957031
73.36836242675781
73.7701644897461
73.4820785522461
73.66401672363281
73.43661499023438
72.91351318359375
72.51930236816406
72.8604507446289
73.17884826660156
73.254638671875
73.04239654541016
73.87631225585938
74.14918518066406
75.19535064697266
75.16505432128906
75.12715911865234
75.11954498291016
74.76326751708984
74.58132934570312
74.89214324951172
75.2257080078125
75.70330047607422
75.63506317138672
75.04374694824219
74.278076171875
72.9665756225586
69.61579895019531
67.95558166503906
70.11613464355469
70.95762634277344
70.90453338623047
70.44969940185547
69.23677062988281
70.01065063476562
70.3849868774414
69.46060180664062
70.56839752197266
69.39186096191406
69.56754302978516
69.99536895751953
69.67451477050781
70.33153533935547
71.10311889648438
71.33233642578125
71.08787536621094
71.59208679199219
70.56839752197266
70.59127807617188
70.64476776123047
71.40872192382812
70.64476776123047
71.08024597167969
72.0428237915039
71.69903564453125
71.93586730957031
73.19641876220703
74.1590576171875
75.26679992675781
75.6105728149414
75.99258422851562
75.740478515625
74.80843353271484
74.47989654541016
75.08344268798828
76.1683120727539
76.53499603271484
76.60375213623047
76.58845520019531
78.75053405761719
78.25396728515625
78.3379898071289
78.64356994628906
78.49077606201172
78.53662109375
78.07058715820312
77.467041015625
77.10033416748047
76.87116241455078
76.86351013183594
76.1835708618164
75.54181671142578
75.50365447998047
75.9620361328125
75.15220642089844
74.90008544921875
76.06132507324219
75.50365447998047
76.60375213623047
77.10796356201172
76.47386932373047
77.0468521118164
76.87879943847656
76.77947998046875
76.96280670166016
76.51972198486328
77.20731353759766
76.53260040283203
76.23257446289062
77.74815368652344
77.44808959960938
77.06346893310547
76.2633285522461
76.08639526367188
75.2247543334961
75.35552215576172
76.46337127685547
77.7635498046875
77.08650970458984
75.31706237792969
75.87098693847656
76.77877807617188
77.42501831054688
77.34809112548828
77.455810546875
78.04817199707031
77.8173828125
76.87109375
75.98638153076172
76.50952911376953
76.53260040283203
75.06319427490234
74.78623962402344
74.96318054199219
75.10164642333984
74.24002075195312
73.70916748046875
72.26285552978516
73.67838287353516
72.13973999023438
72.67830657958984
73.73994445800781
73.80918884277344
74.10153198242188
73.80918884277344
74.97087097167969
76.39411163330078
76.18641662597656
75.55557250976562
75.9478988647461
74.92472076416016
74.87084197998047
75.02471923828125
75.60941314697266
75.10164642333984
74.54774475097656
75.77098083496094
75.85560607910156
76.58645629882812
76.64029693603516
76.60954284667969
76.83264923095703
76.57876586914062
76.68645477294922
77.44808959960938
75.67095184326172
75.25550842285156
76.23257446289062
76.1883773803711
76.83149719238281
77.48234558105469
76.9012680053711
77.2808837890625
77.63731384277344
78.08672332763672
78.49738311767578
77.98600769042969
78.3734130859375
78.12545776367188
78.93128967285156
78.48187255859375
78.67557525634766
78.07896423339844
78.1099624633789
78.0092544555664
78.2416763305664
78.54386901855469
79.5666275024414
79.4039077758789
80.41117858886719
80.4421615600586
79.88432312011719
80.51963806152344
80.27173614501953
81.4184341430664
80.81411743164062
81.2867431640625
80.67461395263672
79.93079376220703
80.4034423828125
80.36470794677734
80.82959747314453
79.37293243408203
78.24945068359375
79.0165023803711
79.65187072753906
79.49685668945312
79.52012634277344
79.7835922241211
79.77584838867188
80.1400146484375
80.24071502685547
80.59716033935547
80.74436950683594
81.32548522949219
81.57343292236328
82.57295227050781
81.91433715820312
82.20877838134766
80.72112274169922
80.682373046875
79.31868743896484
78.18744659423828
78.51288604736328
77.55982971191406
77.80779266357422
78.326904296875
78.326904296875
78.95452117919922
79.00102233886719
78.38890075683594
79.2889633178711
79.6246566772461
80.03839111328125
80.17109680175781
80.00714874267578
80.54581451416016
80.92049407958984
80.64727020263672
80.45211791992188
80.58482360839844
80.29597473144531
81.06880950927734
80.725341796875
80.6941146850586
81.24837493896484
80.98296356201172
81.5293960571289
79.60901641845703
79.72611999511719
79.73395538330078
80.49895477294922
82.7003402709961
82.45835876464844
83.07503509521484
82.6847152709961
83.91032409667969
84.51920318603516
85.01881408691406
84.92512512207031
85.79945373535156
85.8385009765625
85.60427856445312
85.25300598144531
85.50282287597656
85.02661895751953
84.7612075805664
85.2374038696289
85.10467529296875
84.46456909179688
83.90254211425781
84.40992736816406
85.02661895751953
85.03443145751953
84.87047576904297
84.33966827392578
84.63631439208984
84.82366943359375
84.417724609375
84.52701568603516
84.94855499267578
84.68313598632812
84.76902770996094
84.87047576904297
84.30844116210938
84.67533111572266
84.52701568603516
84.44114685058594
84.27722930908203
84.21476745605469
84.39434051513672
84.21476745605469
83.87911224365234
84.3006362915039
83.6917495727539
83.92205810546875
84.34660339355469
84.80257415771484
84.84186553955078
84.28372192382812
84.02427673339844
81.7994613647461
83.34819793701172
82.22399139404297
82.58560943603516
82.92369079589844
82.76644134521484
83.07302856445312
83.56831359863281
84.22081756591797
84.76327514648438
84.38591003417969
84.1422119140625
84.50383758544922
84.41734313964844
84.71611022949219
85.51011657714844
85.101318359375
84.1972427368164
83.3403091430664
83.64693450927734
83.3246078491211
83.50543975830078
82.99442291259766
83.39534759521484
83.26957702636719
83.9849853515625
84.0007095336914
84.07928466796875
83.53687286376953
83.23026275634766
83.0337142944336
84.36231994628906
84.29943084716797
84.17365264892578
83.8277359008789
84.17365264892578
84.27586364746094
83.89064025878906
83.89064025878906
83.8277359008789
83.18309783935547
84.0871810913086
85.47078704833984
84.3151626586914
81.17056274414062
81.12336730957031
79.70830535888672
80.06990814208984
79.95985412597656
79.88911437988281
79.6454086303711
80.39225769042969
80.88751983642578
79.81832885742188
80.32149505615234
80.80891418457031
80.61238861083984
79.27632141113281
78.42891693115234
79.67228698730469
79.7594223022461
80.42467498779297
81.42254638671875
80.89984893798828
82.02445983886719
82.93521881103516
83.65592193603516
82.73725128173828
83.39456939697266
83.84600067138672
83.48168182373047
83.07776641845703
82.91938781738281
83.43415832519531
83.228271484375
83.25995635986328
82.85602569580078
83.1490478515625
82.86393737792969
82.8797607421875
83.0381851196289
82.92730712890625
82.80850982666016
81.93733215332031
80.7573013305664
80.63057708740234
80.65434265136719
80.42467498779297
80.93152618408203
81.36711883544922
81.06616973876953
81.76310729980469
82.37291717529297
82.92730712890625
82.8481216430664
82.47588348388672
81.95319366455078
82.1195068359375
82.19075775146484
81.5809555053711
82.38876342773438
83.24408721923828
82.81643676757812
83.64005279541016
83.70343780517578
83.9251708984375
84.02815246582031
84.36077880859375
84.67756652832031
84.52706909179688
85.6279296875
85.65168762207031
86.60997772216797
86.64956665039062
86.75252532958984
86.98219299316406
86.53868865966797
87.41777801513672
87.49989318847656
87.80292510986328
88.16178131103516
87.42015075683594
87.17296600341797
87.15701293945312
86.93375396728516
87.38826751708984
87.24474334716797
87.18889617919922
88.6003189086914
88.62425231933594
88.8236083984375
88.63223266601562
89.12662506103516
89.32599639892578
89.1346206665039
89.40574645996094
89.1744613647461
89.66885375976562
89.65291595458984
89.45358276367188
89.19841003417969
89.19841003417969
89.37383270263672
89.26219177246094
88.97512817382812
88.9990463256836
89.32599639892578
89.09473419189453
90.5938720703125
89.85225677490234
90.36261749267578
91.12810516357422
90.6018295288086
90.57791900634766
90.4503402709961
91.1600112915039
91.0324478149414
90.3705825805664
89.82037353515625
90.33071899414062
89.53329467773438
89.54127502441406
89.14257049560547
90.0755615234375
90.28286743164062
90.28286743164062
89.88417053222656
89.9798583984375
90.13935089111328
90.03568267822266
90.85700988769531
90.73739624023438
90.6975326538086
90.92879486083984
90.65765380859375
91.4630355834961
91.74214172363281
92.54753112792969
93.7197036743164
94.02274322509766
94.10248565673828
93.83351135253906
94.12252807617188
94.4758071899414
94.6444320678711
94.49989318847656
93.97804260253906
93.04666137695312
93.08682250976562
93.31967163085938
93.39190673828125
94.23495483398438
94.10649871826172
93.82548522949219
94.17072296142578
94.70062255859375
94.27510070800781
93.25542449951172
93.90575408935547
94.03421020507812
93.08682250976562
93.44007873535156
92.47661590576172
92.72551727294922
92.68537139892578
92.57298278808594
92.4365005493164
92.74158477783203
91.74600982666016
91.32047271728516
92.1474380493164
91.54525756835938
92.2759017944336
92.2759017944336
92.34012603759766
92.6050796508789
92.74158477783203
93.64080810546875
93.23938751220703
93.49628448486328
94.09046173095703
94.21085357666016
93.62477111816406
93.62477111816406
93.07077026367188
92.82185363769531
93.3758544921875
93.43206024169922
93.90575408935547
93.70503997802734
93.64080810546875
93.44007873535156
93.54447174072266
94.61228942871094
95.51956176757812
95.6239242553711
95.05390930175781
94.41962432861328
94.94952392578125
94.67652893066406
94.17072296142578
93.31160736083984
93.01454162597656
92.76567840576172
93.00655364990234
93.0995101928711
93.56843566894531
93.65740203857422
93.68164825439453
94.06970977783203
94.58715057373047
93.01057434082031
93.53610229492188
92.97826385498047
92.5335464477539
92.32334899902344
92.85696411132812
92.97013092041016
92.56590270996094
91.83015441894531
91.19951629638672
90.43146514892578
90.50420379638672
90.39909362792969
89.82508087158203
90.26165008544922
90.09186553955078
88.22422790527344
88.23230743408203
88.40206909179688
89.2995376586914
89.25909423828125
88.94379425048828
89.56632995605469
90.15655517578125
90.9165267944336
91.05398559570312
91.82207489013672
90.70632934570312
90.51229095458984
91.09441375732422
90.2374038696289
90.30208587646484
89.54207611083984
88.99230194091797
89.52590942382812
89.42080688476562
88.6527328491211
89.12166595458984
89.04081726074219
88.97612762451172
89.11359405517578
88.33740234375
89.3156967163086
90.55271911621094
90.13230895996094
91.15909576416016
92.20207214355469
93.59270477294922
93.05909729003906
93.16421508789062
92.71952819824219
92.90546417236328
93.8271713256836
93.04290771484375
93.7059097290039
93.66545104980469
94.40927124023438
94.46588897705078
94.86072540283203
95.07241821289062
95.62599182128906
95.73184967041016
96.79833984375
95.03170013427734
94.90144348144531
95.56900024414062
95.57714080810547
95.90279388427734
96.0818862915039
97.05883026123047
96.10630798339844
96.56221008300781
96.8960189819336
96.27730560302734
96.55411529541016
96.79016876220703
97.12397766113281
97.16466522216797
97.62872314453125
