55.63359069824219
55.42584991455078
54.9172477722168
55.031837463378906
55.69807815551758
55.92732620239258
55.96314239501953
55.59061813354492
56.18519973754883
55.89865493774414
56.56489562988281
56.6222038269043
55.5977668762207
53.90714645385742
55.46883010864258
54.85990905761719
54.9387321472168
55.44734191894531
55.64076232910156
55.153629302978516
55.89151382446289
56.1923828125
56.28549575805664
56.12071990966797
56.42159652709961
57.00187301635742
57.1666374206543
57.861515045166016
58.4202880859375
58.39162826538086
58.004783630371094
57.80415344238281
57.955718994140625
58.728004455566406
58.619720458984375
58.42485809326172
57.9340705871582
58.035118103027344
58.02065658569336
57.80415344238281
58.05674743652344
57.955718994140625
58.9228401184082
58.67024612426758
58.749610900878906
58.99502944946289
59.1537971496582
59.30534744262695
58.9228401184082
58.908424377441406
58.937278747558594
58.64137268066406
58.085636138916016
57.66702651977539
57.44327163696289
57.400001525878906
57.29171371459961
57.57319641113281
57.746402740478516
56.68545913696289
56.274085998535156
55.46571350097656
55.7977294921875
56.21630096435547
56.11527633666992
55.92763137817383
55.675010681152344
55.6822395324707
56.41118240356445
56.25963592529297
56.49057388305664
56.48337936401367
57.05354690551758
57.85467529296875
57.61650466918945
57.955718994140625
57.8258056640625
57.29893112182617
57.219539642333984
56.743194580078125
56.09362030029297
56.331809997558594
55.725555419921875
54.55632781982422
54.96771240234375
54.80171585083008
54.736751556396484
54.866668701171875
54.59962463378906
55.090423583984375
55.53788757324219
56.21630096435547
56.642154693603516
56.82980728149414
56.007015228271484
56.983150482177734
57.76873016357422
57.76145935058594
57.4414176940918
58.4670295715332
58.8525505065918
58.63433837890625
58.19062423706055
59.13621520996094
59.97999954223633
59.296234130859375
58.73615646362305
59.02711486816406
59.15803527832031
59.230770111083984
60.234561920166016
59.87814712524414
60.016361236572266
59.83450698852539
60.227291107177734
60.73646545410156
61.33290100097656
61.71115493774414
61.5147590637207
61.34743881225586
61.60205078125
61.58749771118164
61.79117965698242
62.12577438354492
61.56568145751953
61.303829193115234
61.26017379760742
60.620094299316406
60.97649383544922
60.62734603881836
60.147274017333984
61.47837829589844
61.667510986328125
60.84556579589844
61.11468505859375
59.86361312866211
59.91451644897461
59.41990661621094
58.8525505065918
59.921775817871094
59.5726432800293
59.528995513916016
59.143497467041016
59.143497467041016
59.4708137512207
59.65266036987305
59.64540100097656
59.21623611450195
58.58341598510742
58.51793670654297
58.65614700317383
59.223506927490234
58.36520004272461
58.49612045288086
58.40883255004883
58.19789123535156
58.823463439941406
58.7652473449707
58.597965240478516
58.10332107543945
58.32155227661133
58.066497802734375
57.340938568115234
58.02986526489258
57.509517669677734
57.97858428955078
56.901206970214844
56.33690643310547
56.153663635253906
55.47940444946289
55.765235900878906
56.029075622558594
56.35887145996094
56.65937423706055
57.187034606933594
57.78068161010742
56.791282653808594
57.01848602294922
58.191104888916016
57.14309310913086
57.26765060424805
57.10643005371094
57.14309310913086
57.06243896484375
57.25302505493164
57.06243896484375
57.304298400878906
57.64876937866211
56.783958435058594
57.49485397338867
57.033145904541016
57.209007263183594
57.443538665771484
57.55348587036133
57.86130142211914
58.073829650878906
58.037200927734375
57.88327407836914
58.51354217529297
58.46226119995117
57.73671340942383
57.399600982666016
57.07712173461914
58.11784362792969
58.49155807495117
58.264400482177734
58.37431335449219
58.45493698120117
59.07054138183594
58.8800048828125
58.72608184814453
58.70411682128906
58.46226119995117
58.989925384521484
59.62020492553711
59.72283172607422
59.4296875
59.18780517578125
59.224464416503906
59.246456146240234
59.840091705322266
59.92069625854492
59.77412033081055
59.54695510864258
59.36520004272461
59.94881057739258
60.14089584350586
61.27116012573242
60.90178680419922
60.98307418823242
60.82791519165039
60.51765060424805
60.35511779785156
59.934017181396484
60.643211364746094
60.694942474365234
60.864845275878906
60.37729263305664
60.28863525390625
59.96357345581055
59.490806579589844
59.343048095703125
59.047542572021484
59.26918411254883
59.46122741699219
59.57944107055664
59.483394622802734
59.15835189819336
59.173133850097656
59.394752502441406
59.68285369873047
59.36520004272461
59.047542572021484
58.995826721191406
59.180511474609375
59.121429443359375
59.16575241088867
59.2100830078125
59.143585205078125
58.921966552734375
58.833316802978516
58.87025833129883
58.788997650146484
58.94411087036133
59.276554107666016
59.047542572021484
58.74467086791992
58.367923736572266
58.59690475463867
58.07978820800781
58.375301361083984
58.057640075683594
58.56736755371094
58.77421569824219
59.08446502685547
59.23960876464844
59.51294708251953
60.332969665527344
60.28863525390625
59.95619583129883
60.074371337890625
60.030067443847656
60.27134704589844
59.869224548339844
59.980918884277344
59.779876708984375
59.645835876464844
59.56391143798828
59.76498794555664
59.24372863769531
59.02033233642578
58.56611633300781
58.201236724853516
57.57573318481445
59.31074523925781
58.990562438964844
59.13203430175781
60.38302993774414
59.67562484741211
60.278770446777344
60.67343521118164
60.62876892089844
60.67343521118164
61.02344512939453
60.89683532714844
61.38829803466797
61.574440002441406
61.6638298034668
62.01377487182617
62.095699310302734
62.2074089050293
62.088260650634766
62.0361328125
61.827632904052734
61.887184143066406
61.79039764404297
61.7308349609375
62.3265495300293
62.3786735534668
62.0435791015625
61.79786682128906
62.28186798095703
62.1701774597168
61.998897552490234
62.45311737060547
62.6095085144043
62.669090270996094
62.69142532348633
62.89992904663086
63.15312194824219
62.87757873535156
63.47329330444336
62.79568099975586
62.981842041015625
62.87757873535156
62.35634231567383
61.90955352783203
61.84254455566406
62.3935546875
62.22974395751953
61.9244270324707
62.683998107910156
62.296775817871094
63.06376266479492
62.08080291748047
62.2148551940918
61.76804733276367
61.23934555053711
62.00634002685547
62.683998107910156
63.00416564941406
63.20228576660156
62.451900482177734
63.90009689331055
64.49285888671875
64.88307189941406
64.93560028076172
65.2357177734375
65.48334503173828
65.5658950805664
66.51132202148438
66.78144073486328
66.7063980102539
66.87899780273438
67.11911010742188
67.2841796875
67.14163208007812
66.48127746582031
66.1136474609375
65.9110107421875
65.99357604980469
66.5788803100586
66.38374328613281
66.48127746582031
66.1136474609375
66.63140106201172
66.69137573242188
67.85445404052734
67.59182739257812
68.3346939086914
67.53179931640625
67.9670181274414
67.81693267822266
68.10208892822266
68.06452941894531
67.53179931640625
67.83944702148438
67.19412994384766
66.93153381347656
67.05156707763672
68.05706024169922
69.0324935913086
69.07003784179688
69.48271942138672
70.0004653930664
69.88789367675781
70.12802124023438
69.51274871826172
69.3326416015625
68.34967041015625
67.8619613647461
67.53929901123047
67.23165893554688
67.5843276977539
68.35718536376953
67.71939086914062
67.47177124023438
67.75689697265625
67.5242919921875
67.4267578125
68.4697494506836
68.42471313476562
68.56377410888672
69.23635864257812
68.07257843017578
67.69473266601562
65.35963439941406
64.34703063964844
64.73998260498047
63.697139739990234
64.32435607910156
64.95158386230469
64.8306655883789
65.51834106445312
64.69464111328125
64.27146911621094
64.52837371826172
64.71729278564453
65.01203155517578
64.91377258300781
64.60397338867188
65.18584442138672
64.39234161376953
64.13542938232422
64.52837371826172
64.61149597167969
64.58126068115234
64.36211395263672
64.33190155029297
64.54351043701172
64.3545913696289
63.74245834350586
63.95405960083008
62.46535110473633
62.79029846191406
61.61896896362305
61.50562286376953
62.03459548950195
61.838138580322266
63.14545822143555
62.60892868041992
63.28904342651367
63.00944519042969
64.03718566894531
64.12789154052734
63.41750717163086
62.7298469543457
62.079933166503906
62.20086669921875
62.51071548461914
61.92125701904297
62.20841979980469
62.29153060913086
62.75252914428711
62.261314392089844
62.548465728759766
62.63915252685547
62.98677062988281
63.047237396240234
63.1756706237793
63.107688903808594
63.10015869140625
62.36711502075195
62.62403106689453
62.78273391723633
62.79029846191406
61.6651611328125
61.7032585144043
61.3985481262207
61.26142883300781
60.82722091674805
60.5682258605957
61.16242218017578
61.208106994628906
60.99482345581055
61.24618148803711
61.093807220458984
61.67277526855469
61.14716720581055
60.90338134765625
60.71296310424805
61.37565612792969
61.7413444519043
61.50520324707031
61.57375717163086
61.30715560913086
61.253814697265625
60.90338134765625
60.28636932373047
60.47679138183594
60.43109893798828
59.71504592895508
60.065460205078125
59.829307556152344
59.84454345703125
59.532188415527344
58.9837532043457
59.19700622558594
60.10353469848633
60.59107971191406
60.49205017089844
60.0806884765625
59.50935363769531
60.25588607788086
61.00242614746094
61.566131591796875
61.35284423828125
61.284263610839844
60.78152847290039
60.5682258605957
60.47679138183594
60.438720703125
59.66170883178711
59.60077667236328
60.72820281982422
60.888145446777344
60.979591369628906
62.25172424316406
61.695655822753906
61.444252014160156
61.6651611328125
62.3964729309082
62.49551010131836
62.57929611206055
62.693538665771484
62.64784240722656
62.60975646972656
62.18315124511719
62.07795333862305
61.97809982299805
61.66325759887695
61.4174690246582
61.61716079711914
61.91668701171875
59.4360237121582
58.90607452392578
58.67567443847656
58.29936599731445
58.191837310791016
58.168792724609375
57.969112396240234
58.66032028198242
58.53743362426758
58.66801834106445
58.199520111083984
58.076656341552734
58.00751876831055
57.7003173828125
56.924644470214844
56.76334762573242
55.173583984375
53.09995651245117
52.546993255615234
54.451637268066406
54.8970832824707
54.689754486083984
54.27500534057617
52.9156379699707
53.61451721191406
53.7066764831543
52.808109283447266
53.745094299316406
52.59307861328125
52.47018814086914
52.546993255615234
52.270503997802734
53.33804702758789
53.83723831176758
53.94475555419922
53.71435546875
54.259647369384766
53.906368255615234
53.96011734008789
54.804931640625
55.81101989746094
55.11981964111328
55.51149368286133
55.25037384033203
55.25803756713867
55.6190071105957
56.23341751098633
56.37167739868164
56.61741638183594
57.13967514038086
57.20112228393555
57.08590316772461
56.91695785522461
56.99372863769531
57.039825439453125
57.52367401123047
57.7233772277832
57.16270446777344
57.025550842285156
58.00192642211914
59.69123077392578
60.04768371582031
59.892723083496094
59.288291931152344
59.683494567871094
59.18753433227539
59.3580322265625
59.70672607421875
59.714500427246094
59.195289611816406
58.55986785888672
58.428123474121094
58.71485137939453
58.86208724975586
57.854698181152344
57.31227493286133
58.350624084472656
58.172420501708984
58.815589904785156
59.06354904174805
58.75358963012695
58.869842529296875
59.24177551269531
58.815589904785156
58.660614013671875
57.99418258666992
58.846580505371094
58.7303581237793
58.69159698486328
60.31114959716797
60.729610443115234
60.249168395996094
60.210418701171875
60.28016662597656
60.27241134643555
60.66761779785156
61.74475860595703
62.759883880615234
62.21744155883789
60.543636322021484
61.179054260253906
61.6827507019043
61.93072509765625
61.829978942871094
61.93072509765625
62.271663665771484
62.04695129394531
61.53550338745117
60.729610443115234
60.9233512878418
60.334415435791016
59.80746078491211
58.869842529296875
59.412254333496094
59.288291931152344
58.77684020996094
59.009307861328125
58.10267639160156
59.45875930786133
59.273521423339844
59.969200134277344
60.469444274902344
60.07081985473633
61.60285568237305
61.59503936767578
62.39235305786133
63.85405731201172
63.40850830078125
62.70500946044922
63.39288330078125
63.080196380615234
63.47104263305664
64.58100128173828
64.59662628173828
63.799339294433594
62.45486831665039
63.30690383911133
63.682106018066406
64.44810485839844
64.08075714111328
63.93223190307617
64.19798278808594
63.9478645324707
63.75244140625
64.36213684082031
63.39288330078125
62.759727478027344
63.49449157714844
64.5262680053711
64.75294494628906
65.26105499267578
64.95621490478516
64.92494201660156
64.84675598144531
64.31523132324219
63.900970458984375
63.44758605957031
63.55702590942383
63.580448150634766
64.6826171875
64.99527740478516
65.12816619873047
64.6748046875
64.73734283447266
64.79204559326172
64.58100128173828
64.72168731689453
64.62789916992188
64.33867645263672
65.29231262207031
65.04219818115234
65.00312042236328
65.51118469238281
65.0656509399414
65.03437042236328
64.66700744628906
64.74516296386719
64.4559326171875
64.62931060791016
64.85784912109375
65.2755355834961
65.63013458251953
64.26678466796875
63.67574691772461
63.79397201538086
64.15647888183594
62.6906623840332
62.958621978759766
62.85618209838867
63.139854431152344
63.80973815917969
63.912166595458984
64.30619812011719
64.06977081298828
64.723876953125
64.71600341796875
64.99969482421875
64.7396469116211
64.94454193115234
64.01463317871094
64.32984161376953
63.53390884399414
62.92707061767578
63.19501876831055
63.061065673828125
63.20289993286133
63.80973815917969
64.21163177490234
64.0067367553711
64.17223358154297
63.8648681640625
64.4559326171875
64.58201599121094
64.99180603027344
65.22824096679688
64.87361907958984
65.1336669921875
65.54348754882812
65.5671157836914
65.07062530517578
65.685302734375
65.37010192871094
65.73259735107422
65.5119400024414
65.44102478027344
65.73259735107422
65.85869598388672
66.36304473876953
64.82633209228516
64.01463317871094
64.98394012451172
66.12663269042969
66.72554779052734
66.812255859375
67.33238983154297
67.00927734375
66.85166931152344
67.59243774414062
67.57666778564453
67.57666778564453
67.68701171875
67.67125701904297
67.78157043457031
67.71852111816406
67.90765380859375
67.76468658447266
67.71704864501953
68.08241271972656
68.14595031738281
67.72498321533203
67.0816421508789
67.35963439941406
67.9791488647461
68.63043212890625
68.9084243774414
68.28096771240234
68.34451293945312
68.13005828857422
68.11416625976562
68.29683685302734
68.55099487304688
68.88458251953125
69.13081359863281
69.1148910522461
68.76544189453125
69.0672607421875
69.4485092163086
69.34522247314453
68.97989654541016
69.41671752929688
69.34522247314453
69.8138427734375
69.5596923828125
70.13153839111328
69.52791595458984
69.34522247314453
70.13947296142578
70.0521240234375
70.40158081054688
69.8535385131836
69.71854400634766
68.49539947509766
70.09183502197266
69.13872528076172
69.10697174072266
69.94092559814453
69.93297576904297
70.18714141845703
70.35391998291016
69.73442077636719
70.67957305908203
69.70263671875
69.77412414550781
70.17919921875
71.0528335571289
70.07595825195312
71.28321838378906
70.41746520996094
70.17124938964844
70.56837463378906
70.86223602294922
71.48175048828125
70.73516082763672
70.32215118408203
70.34599304199219
70.08389282226562
70.23479461669922
69.75824737548828
69.45643615722656
68.46398162841797
67.97574615478516
67.49549865722656
67.31144714355469
69.6084976196289
69.95266723632812
69.29635620117188
69.50444030761719
69.47245788574219
69.5124740600586
69.42440795898438
69.31238555908203
68.09580993652344
69.28035736083984
70.00067138671875
68.77611541748047
66.39899444580078
66.89524841308594
66.43102264404297
66.92726135253906
66.5831069946289
66.4870376586914
65.63065338134766
66.14288330078125
66.23892211914062
66.1749038696289
66.79917907714844
66.4870376586914
66.34296417236328
65.99883270263672
65.5185775756836
65.9508056640625
66.42301940917969
66.35899353027344
67.3754653930664
66.8311996459961
67.52751922607422
68.13582611083984
68.17584228515625
67.52751922607422
67.7756576538086
67.7756576538086
67.7996597290039
67.6875991821289
67.45550537109375
67.60755920410156
67.99974060058594
67.71163177490234
67.28741455078125
67.51152801513672
67.29542541503906
67.39144897460938
67.631591796875
68.07978057861328
68.05579376220703
67.55154418945312
66.8232192993164
67.03129577636719
67.10332489013672
67.23941802978516
68.19984436035156
68.51445007324219
68.32891845703125
70.54740142822266
70.15211486816406
70.87814331054688
70.31346130371094
69.86167907714844
69.95849609375
69.9826889038086
70.66841125488281
70.45059967041016
70.79750061035156
70.51512908935547
70.50704193115234
70.9991683959961
71.25729370117188
71.53158569335938
70.9668960571289
71.24116516113281
70.87814331054688
73.5080337524414
73.24182891845703
73.48383331298828
73.95172882080078
73.76620483398438
73.51609802246094
73.45156860351562
73.32250213623047
73.46772766113281
73.94369506835938
73.33863067626953
73.00788879394531
72.90301513671875
72.83847045898438
72.71744537353516
72.8787841796875
73.46772766113281
73.66131591796875
73.41123962402344
73.73392486572266
73.76620483398438
73.41123962402344
73.58875274658203
73.56450653076172
73.4031753540039
73.22570037841797
73.06432342529297
72.99979400634766
73.21762084960938
73.08854675292969
72.76586151123047
72.48351287841797
72.34636688232422
72.53192138671875
72.580322265625
72.12047576904297
71.98338317871094
72.19309997558594
72.44318389892578
72.85462188720703
72.62873077392578
72.91914367675781
73.24989318847656
72.83531951904297
72.61582946777344
72.03868103027344
72.79467010498047
73.16048431396484
71.32331848144531
71.28267669677734
70.99005889892578
70.79495239257812
70.08773803710938
70.25843811035156
70.27470397949219
70.31534576416016
70.35599517822266
70.23403930664062
70.30722045898438
70.04708862304688
70.0633544921875
70.17716217041016
70.10401153564453
70.12027740478516
69.80322265625
70.10401153564453
70.07960510253906
69.97393035888672
70.31534576416016
70.60798645019531
70.92501831054688
71.04693603515625
71.60784912109375
71.64035034179688
72.01432037353516
72.13624572753906
72.18499755859375
72.16062927246094
71.4127426147461
71.66475677490234
71.72978210449219
71.58345794677734
71.89237213134766
72.65647888183594
72.88410186767578
73.04668426513672
72.85970306396484
72.67272186279297
72.3719711303711
72.68897247314453
72.64024353027344
72.03055572509766
71.83546447753906
70.71367645263672
70.84371948242188
71.32331848144531
71.26642608642578
71.0225601196289
71.25018310546875
70.79495239257812
70.53482818603516
70.68929290771484
70.47791290283203
70.80309295654297
71.16888427734375
72.05494689941406
72.38264465332031
72.58747100830078
72.59566497802734
72.24337005615234
73.02985382080078
73.16096496582031
74.2915267944336
73.90650939941406
74.40623474121094
74.63563537597656
74.58650207519531
74.43902587890625
74.28337860107422
74.91419219970703
75.02891540527344
75.30745697021484
75.15999603271484
74.8322525024414
75.08623504638672
75.53684997558594
75.73346710205078
75.43035125732422
75.75804138183594
76.07756042480469
76.02021026611328
75.73346710205078
75.59420013427734
75.79084014892578
75.75804138183594
75.63516998291016
75.2664794921875
75.59420013427734
75.80721282958984
75.962890625
75.962890625
76.16767120361328
76.06117248535156
77.00334167480469
76.61009979248047
76.64286041259766
76.64286041259766
76.4134521484375
76.31517791748047
77.15082550048828
77.3392562866211
75.8973388671875
75.5696029663086
75.962890625
75.90553283691406
74.44722747802734
74.46359252929688
74.5373306274414
75.1845474243164
75.47130584716797
75.71707916259766
75.39757537841797
75.64337921142578
75.47130584716797
75.0616683959961
74.93058013916016
75.49588012695312
76.22502899169922
76.30696105957031
76.02842712402344
76.00382232666016
75.59939575195312
72.8425064086914
72.05836486816406
71.79421997070312
71.6951904296875
72.22345733642578
71.84378814697266
71.20820617675781
71.26597595214844
71.71995544433594
71.40630340576172
71.46408081054688
71.02662658691406
71.79421997070312
72.28948211669922
72.45455932617188
72.7682113647461
73.46155548095703
73.3542709350586
72.8260269165039
73.66793060302734
72.99108123779297
72.85902404785156
73.23047637939453
72.90853118896484
73.00758361816406
73.42855072021484
73.79173278808594
73.77521514892578
74.2787094116211
74.58413696289062
75.45081329345703
75.44255065917969
75.31875610351562
74.36953735351562
74.59237670898438
74.47683715820312
74.16316986083984
75.01334381103516
75.11239624023438
75.84700775146484
75.83875274658203
75.67366027832031
75.54987335205078
75.6654052734375
76.0450668334961
76.33399963378906
76.02033996582031
75.99559783935547
75.83875274658203
