38.8388786315918
38.64309310913086
38.226287841796875
37.77791213989258
37.8852653503418
37.96736526489258
37.525299072265625
37.278995513916016
38.245243072509766
37.8852653503418
38.16313552856445
38.61782455444336
38.32733154296875
37.209529876708984
37.37373352050781
37.487396240234375
37.986305236816406
38.49784469604492
38.579952239990234
38.6999397277832
38.47888946533203
38.23891830444336
38.4094352722168
38.441009521484375
38.624149322509766
38.86412048339844
38.66836166381836
38.914642333984375
39.02833938598633
39.3188362121582
39.52091598510742
40.2913818359375
40.91026306152344
41.10604476928711
41.46601486206055
41.485137939453125
41.38949203491211
41.46601486206055
41.446895599365234
41.593544006347656
41.37675094604492
40.911258697509766
40.770992279052734
41.08342361450195
40.834747314453125
40.44579315185547
40.860252380371094
40.617950439453125
40.382015228271484
40.84112548828125
40.76460647583008
40.7199821472168
41.038795471191406
40.821990966796875
41.23646545410156
41.179073333740234
41.10256576538086
41.523399353027344
41.37675094604492
41.03241729736328
41.121681213378906
41.59992599487305
41.38311767578125
41.727447509765625
41.752960205078125
42.44160079956055
42.44160079956055
42.326839447021484
42.1483039855957
42.21205139160156
41.91873550415039
41.63818359375
42.02715301513672
42.28858947753906
42.25668716430664
42.21205139160156
42.05902862548828
42.25032043457031
42.43523025512695
42.28858947753906
42.339576721191406
42.4288444519043
42.08453369140625
42.537261962890625
42.30770492553711
42.07176971435547
42.26945495605469
42.422489166259766
42.320472717285156
42.339576721191406
43.16214370727539
43.37895584106445
43.50010299682617
43.61488342285156
43.8316764831543
44.33542251586914
44.57133865356445
44.519840240478516
44.552032470703125
44.65504455566406
44.71297836303711
44.81598663330078
45.105716705322266
45.208709716796875
45.0799560546875
45.33103942871094
45.26665115356445
45.11860275268555
45.18295669555664
44.951194763183594
45.26665115356445
45.125030517578125
44.989830017089844
45.74952697753906
45.69802474975586
45.904056549072266
46.01993942260742
46.19375991821289
46.16801071166992
46.09074020385742
46.03281021118164
46.03281021118164
45.39542770385742
45.3825569152832
45.3052864074707
45.35036849975586
45.35036849975586
44.7838134765625
44.42325210571289
43.8889045715332
44.45546340942383
44.9061279296875
44.64859390258789
44.069156646728516
43.85670852661133
43.92753219604492
44.42325210571289
44.26231002807617
44.97050094604492
45.440513610839844
45.234474182128906
45.58213806152344
45.77528381347656
45.89760208129883
46.01993942260742
45.9748649597168
46.09074020385742
45.96199035644531
45.51774978637695
45.691585540771484
45.71089553833008
45.78815460205078
45.8267822265625
45.84608459472656
45.64652633666992
45.74952697753906
45.94267654418945
46.264583587646484
46.90840148925781
46.98564910888672
47.11440658569336
46.40617752075195
45.80188751220703
45.080657958984375
45.18461608886719
44.68428421020508
45.30156707763672
44.78826141357422
44.50886154174805
44.22296905517578
44.885738372802734
45.47050476074219
45.548484802246094
45.47050476074219
45.56147766113281
45.840877532958984
46.263214111328125
46.269718170166016
46.42567443847656
47.03643035888672
47.3028678894043
47.14689636230469
47.10140609741211
47.23786926269531
46.84151840209961
47.03643035888672
46.750545501708984
46.71807098388672
46.6790657043457
47.00395965576172
46.69857406616211
46.58810806274414
46.58161544799805
46.997459411621094
47.00395965576172
46.65958786010742
46.243736267089844
46.42567443847656
46.71807098388672
46.6790657043457
46.9065055847168
46.88700866699219
47.06242370605469
47.23786926269531
47.198883056640625
46.91947937011719
47.06892776489258
47.361331939697266
47.54975128173828
47.55624771118164
47.37434005737305
47.37434005737305
47.44581604003906
47.49778366088867
47.59525680541992
47.33534240722656
47.33534240722656
47.32883834838867
47.37434005737305
47.63422775268555
47.705711364746094
47.78366470336914
47.54092025756836
47.32440948486328
47.41624450683594
47.508113861083984
47.560585021972656
47.73118591308594
47.993629455566406
47.85585403442383
48.01985549926758
47.96082305908203
47.895225524902344
47.967369079589844
48.04610061645508
47.95426559448242
48.24293899536133
48.27576446533203
48.236385345458984
48.026424407958984
47.79023361206055
48.157649993896484
48.7415771484375
49.50920867919922
49.40424346923828
49.371429443359375
49.417362213134766
49.3123893737793
49.049949645996094
48.97120666503906
48.98434066772461
48.918724060058594
49.14178466796875
48.9252815246582
49.03026580810547
49.3648681640625
49.358306884765625
49.11555099487305
49.00402069091797
49.358306884765625
49.28615188598633
49.325496673583984
49.44361114501953
49.27302169799805
49.18772888183594
49.33207321166992
49.259891510009766
49.13522720336914
49.43046951293945
49.88318634033203
50.047203063964844
50.526161193847656
50.59177017211914
50.62458801269531
50.88700866699219
51.06417465209961
51.503746032714844
51.3987922668457
51.3987922668457
51.67433166503906
51.956459045410156
52.29106140136719
52.34355926513672
52.29106140136719
52.455101013183594
52.56101989746094
52.46833801269531
52.501434326171875
52.8853759765625
52.87214279174805
52.87876510620117
53.39509582519531
53.26932907104492
52.54114532470703
52.67353439331055
52.77947998046875
52.55439758300781
52.269752502441406
52.54114532470703
52.719879150390625
52.66031265258789
53.05087661743164
52.85889434814453
53.2296142578125
54.01735305786133
54.01735305786133
54.05708694458008
53.4877815246582
53.60694122314453
53.4083366394043
53.60694122314453
53.322288513183594
53.46791076660156
53.712852478027344
53.74595260620117
53.692996978759766
53.46131896972656
53.49440002441406
53.759178161621094
53.7790412902832
54.18947982788086
54.388084411621094
54.20270538330078
54.480751037597656
54.58665466308594
55.01693344116211
54.14977264404297
54.03062057495117
53.95778274536133
53.76581954956055
52.81256103515625
53.24946212768555
52.67353439331055
52.991310119628906
52.719879150390625
52.73975372314453
52.9714469909668
53.01777648925781
52.73975372314453
53.61356735229492
53.45466995239258
52.719879150390625
52.1572151184082
51.1443977355957
51.19734573364258
52.17705535888672
52.428627014160156
53.01777648925781
52.600730895996094
53.001708984375
52.98166275024414
52.84132385253906
53.108612060546875
52.881412506103516
53.202178955078125
53.469505310058594
53.469505310058594
53.676658630371094
54.3115348815918
54.23802947998047
54.1845703125
54.518707275390625
54.65904998779297
54.96645736694336
54.899620056152344
54.93971633911133
54.953086853027344
54.8929443359375
55.400856018066406
55.4943962097168
55.153587341308594
55.113487243652344
55.01323699951172
55.32735061645508
55.6882209777832
55.57460021972656
55.32065963745117
54.41178894042969
54.525386810302734
53.88383102416992
53.730125427246094
53.362552642822266
53.40267562866211
52.533905029296875
52.453704833984375
51.73198318481445
51.84557342529297
52.50049591064453
53.21554946899414
52.96828079223633
52.94154739379883
53.108612060546875
53.623199462890625
53.66997528076172
54.01082229614258
53.750179290771484
53.623199462890625
53.93061065673828
52.71433639526367
52.3400993347168
52.360145568847656
52.68092727661133
51.778751373291016
51.33098602294922
51.25748825073242
50.575836181640625
50.201595306396484
50.46221923828125
50.656009674072266
50.3953857421875
51.19732666015625
50.42120361328125
50.90038299560547
50.82613754272461
50.69792175292969
49.894798278808594
50.01627731323242
48.41676712036133
49.20640563964844
50.502201080322266
50.029754638671875
50.880126953125
51.339046478271484
51.56178283691406
51.57527160644531
51.78448486328125
52.25016784667969
52.33113098144531
52.43914031982422
51.82497024536133
52.12194061279297
51.29856491088867
50.70463562011719
50.650665283203125
52.50661849975586
52.68883514404297
52.85082244873047
52.79008483886719
51.993717193603516
51.993717193603516
52.0341911315918
52.07469177246094
51.919456481933594
51.08259963989258
51.2783088684082
51.52802276611328
51.08259963989258
51.49428939819336
51.39980697631836
51.25807189941406
51.04886245727539
51.55501937866211
51.77098846435547
51.980194091796875
51.32555389404297
51.150081634521484
50.677669525146484
50.69115447998047
51.45379638671875
51.460540771484375
51.83172607421875
52.013954162597656
52.513362884521484
52.911556243896484
53.3704833984375
53.721439361572266
54.119632720947266
54.207332611083984
54.83501434326172
54.8282585144043
54.50431442260742
54.84849548339844
54.71222686767578
54.50099563598633
54.814430236816406
54.903018951416016
54.97114944458008
55.12102508544922
55.12102508544922
54.582763671875
54.67135238647461
54.8076171875
54.248905181884766
53.88779067993164
53.71064376831055
53.949119567871094
53.94230651855469
53.63569641113281
53.444923400878906
53.744712829589844
53.67658233642578
54.56913757324219
54.235294342041016
54.75991439819336
54.780364990234375
54.71903991699219
54.21483612060547
54.46696090698242
54.54189682006836
53.87416076660156
53.71064376831055
53.915042877197266
54.69179153442383
54.507808685302734
54.22164535522461
53.574363708496094
53.09062194824219
53.32228088378906
53.247344970703125
53.28139114379883
53.308658599853516
53.499412536621094
53.17919921875
53.04291915893555
52.34113311767578
52.736331939697266
53.10426712036133
53.22007751464844
53.24050521850586
53.32228088378906
52.10266876220703
52.04134750366211
51.92551803588867
52.26620101928711
52.03453063964844
52.089046478271484
51.50990295410156
51.42813491821289
52.17759704589844
52.409263610839844
52.395633697509766
52.63410186767578
53.083805084228516
52.66819381713867
52.572792053222656
52.20486068725586
52.10948181152344
51.98556900024414
51.33861541748047
50.60213851928711
50.67097473144531
52.06818771362305
52.137001037597656
52.488033294677734
52.63945388793945
53.135009765625
53.038658142089844
52.53621292114258
53.19007873535156
52.72892379760742
52.198970794677734
51.88923645019531
52.28843688964844
51.91676330566406
52.03377914428711
52.14390563964844
50.98759078979492
50.10660171508789
48.668094635009766
49.80376052856445
49.62480163574219
50.92563247680664
50.72604751586914
50.478248596191406
49.09482192993164
49.09482192993164
49.52155303955078
48.78511047363281
49.83816146850586
49.84505081176758
49.80376052856445
49.83128356933594
49.96893310546875
50.38189697265625
51.269779205322266
50.9118766784668
49.83816146850586
50.3199462890625
49.473365783691406
49.37700653076172
49.108604431152344
49.49402618408203
48.902103424072266
49.55596160888672
50.787986755371094
50.63656234741211
49.535316467285156
49.92076110839844
50.39566421508789
50.980709075927734
51.20783996582031
50.86369705200195
50.77423095703125
50.6090202331543
50.53331756591797
50.9462890625
50.62281036376953
51.200958251953125
51.31795120239258
51.74925994873047
52.06925964355469
52.124908447265625
52.47274398803711
52.834476470947266
53.20316696166992
52.01360321044922
51.91621398925781
52.69533920288086
52.7649040222168
53.23795700073242
53.321434020996094
52.91099166870117
52.9040412902832
52.8553352355957
52.145782470703125
51.43620681762695
52.326637268066406
52.514488220214844
52.52142333984375
52.98057174682617
52.91794204711914
52.514488220214844
52.3544807434082
52.333614349365234
52.361419677734375
52.3475227355957
52.924896240234375
53.481422424316406
53.47447204589844
53.119693756103516
53.279701232910156
52.458831787109375
51.68666076660156
51.860572814941406
51.58229446411133
50.775352478027344
50.399696350097656
51.234474182128906
52.208396911621094
52.13187789916992
51.651878356933594
51.860572814941406
51.74925994873047
52.17360305786133
52.61883544921875
52.77882385253906
52.584041595458984
51.58229446411133
50.81013870239258
50.657100677490234
49.78752136230469
48.86927795410156
48.74406433105469
48.9805793762207
49.33536148071289
48.104061126708984
48.396240234375
46.64320755004883
46.518001556396484
46.907554626464844
45.64842987060547
46.490177154541016
48.813262939453125
47.18708801269531
47.602439880371094
48.31343460083008
50.01704788208008
51.073001861572266
50.17191696166992
49.334205627441406
49.376426696777344
49.97480392456055
50.08040237426758
48.77806854248047
47.61651611328125
46.595760345458984
45.75803756713867
47.85587692260742
48.86256790161133
49.946651458740234
49.98185729980469
50.17897415161133
49.62282180786133
49.01740646362305
47.73618698120117
47.715065002441406
48.0740966796875
48.623199462890625
49.376426696777344
49.3693962097168
49.80585479736328
50.24935531616211
50.840702056884766
51.17860794067383
51.53761672973633
51.558738708496094
52.26976013183594
52.26976013183594
52.516136169433594
52.53023910522461
53.40314483642578
52.95259475708008
53.02299880981445
52.6498908996582
52.75550079345703
52.07263946533203
52.621742248535156
52.64285659790039
53.10747528076172
52.67805862426758
52.868133544921875
52.6287727355957
52.17121124267578
52.04448699951172
51.819210052490234
52.66396713256836
52.734378814697266
53.31866455078125
54.04375076293945
54.480228424072266
54.58580780029297
54.747718811035156
55.148990631103516
55.4164924621582
55.13197708129883
55.18177032470703
54.975502014160156
55.34536361694336
55.452056884765625
55.32403564453125
55.42362594604492
55.27424240112305
54.207305908203125
53.83032989501953
53.83032989501953
54.12193298339844
53.787635803222656
54.4918098449707
54.49894332885742
54.74787139892578
54.64118576049805
54.77634048461914
54.65542984008789
55.594322204589844
55.174659729003906
55.37382125854492
55.85037612915039
56.36961364746094
56.90309143066406
57.29430389404297
57.180503845214844
56.07087326049805
56.26292419433594
56.63279342651367
56.3767204284668
56.42652130126953
56.867530822753906
56.76082229614258
56.43363952636719
55.885955810546875
55.836158752441406
54.847469329833984
54.77634048461914
54.996822357177734
55.19600296020508
55.48763656616211
55.921512603759766
55.8148078918457
56.682579040527344
54.918609619140625
53.48889923095703
54.328208923339844
54.698097229003906
54.29977798461914
54.90438461303711
54.71944046020508
54.4918098449707
54.57717514038086
55.0181770324707
55.558738708496094
56.24869918823242
56.38385009765625
56.77505874633789
56.974220275878906
56.91021728515625
56.86042022705078
57.415218353271484
57.17337417602539
57.1949348449707
57.388946533203125
57.77693557739258
57.07280349731445
57.31707000732422
57.187740325927734
56.5051383972168
56.61293411254883
56.620113372802734
57.09435272216797
57.388946533203125
57.64043045043945
57.65480422973633
57.80567932128906
57.59013748168945
57.59732437133789
57.439247131347656
57.72664260864258
57.58293914794922
58.17213439941406
58.25117111206055
59.08467483520508
58.81880569458008
58.46675491333008
58.588890075683594
58.739776611328125
58.76851272583008
58.58169937133789
58.531402587890625
58.560142517089844
58.63201141357422
58.473934173583984
58.243988037109375
57.99969482421875
57.98530578613281
57.61168670654297
57.56138229370117
58.459556579589844
58.028438568115234
58.028438568115234
58.243988037109375
58.63201141357422
58.83318328857422
58.48830032348633
58.12185287475586
58.02122497558594
58.531402587890625
58.36613845825195
58.38770294189453
58.164955139160156
58.30864715576172
58.64638900756836
59.005619049072266
58.84754943847656
58.94095230102539
58.99844741821289
59.35770797729492
59.35770797729492
59.47987365722656
60.01876449584961
60.11935043334961
60.30615997314453
60.715721130371094
60.80281066894531
60.57786560058594
60.70121765136719
60.77378463745117
60.75200653076172
60.81006622314453
60.389190673828125
59.92477035522461
60.03361892700195
59.54743194580078
60.28759002685547
60.599605560302734
61.20191955566406
62.24688720703125
62.392005920410156
62.863670349121094
62.4210090637207
62.42826461791992
63.00882339477539
63.32809829711914
64.54719543457031
64.76488494873047
65.18577575683594
65.0551528930664
65.11320495605469
64.7793960571289
65.39622497558594
63.19022750854492
63.34988021850586
63.66189193725586
63.799774169921875
63.87234115600586
64.0972900390625
64.8955307006836
65.52681732177734
65.52681732177734
66.17991638183594
65.79531860351562
66.39036560058594
66.49195861816406
66.60807037353516
66.72418212890625
66.7314453125
66.77497863769531
66.52823638916016
66.61532592773438
66.33231353759766
65.94046783447266
66.39763641357422
67.3699951171875
67.35550689697266
67.28290557861328
67.1377944946289
67.46432495117188
68.1319580078125
68.03034210205078
68.57460021972656
68.40769958496094
67.906982421875
67.69656372070312
67.68929290771484
68.33512878417969
68.27709197998047
68.36493682861328
68.81151580810547
69.08241271972656
69.1629409790039
68.86276245117188
68.4967269897461
68.59188079833984
68.64312744140625
69.25812530517578
69.30938720703125
69.75592803955078
69.85845184326172
70.40753936767578
70.89803314208984
71.1030502319336
71.35196685791016
72.13533782958984
72.24514770507812
72.54529571533203
72.61853790283203
72.12799835205078
71.9376449584961
70.72966766357422
70.81018829345703
70.63448333740234
71.4032211303711
71.70338439941406
71.95960235595703
72.57459259033203
72.2890853881836
72.00354766845703
71.97425842285156
71.49839782714844
71.33732604980469
71.2128677368164
70.76628875732422
71.24214935302734
70.8394775390625
70.49539184570312
69.86579132080078
69.70469665527344
70.75164031982422
70.68573760986328
70.86144256591797
71.61553192138672
71.88640594482422
71.65213775634766
70.93465423583984
70.86144256591797
70.92733001708984
71.04447174072266
71.60820770263672
71.24945831298828
71.14696502685547
70.89803314208984
70.3270034790039
69.28008270263672
70.22449493408203
69.86579132080078
69.6827392578125
70.12200164794922
69.85603332519531
70.97908020019531
71.68830871582031
70.53575897216797
69.198486328125
69.05809020996094
68.91773223876953
68.45964813232422
68.5630874633789
68.52615356445312
69.25759887695312
69.58264923095703
68.66653442382812
68.95466613769531
68.52615356445312
68.32667541503906
69.16893005371094
68.73300170898438
67.56565856933594
68.28233337402344
68.72561645507812
69.10240936279297
68.71084594726562
69.25759887695312
69.39057159423828
69.79694366455078
69.10982513427734
68.98423767089844
69.30192565917969
69.27235412597656
69.1319808959961
68.57046508789062
68.78471374511719
69.4275131225586
70.39537048339844
69.64176177978516
69.36842346191406
68.9768295288086
69.17630767822266
69.11723327636719
69.67131042480469
69.27235412597656
68.91773223876953
69.46446228027344
69.538330078125
69.44229125976562
69.52357482910156
70.23284149169922
69.96685028076172
69.56788635253906
69.58264923095703
70.15895080566406
70.28453063964844
70.25498962402344
70.1146240234375
70.20329284667969
70.1146240234375
70.26239013671875
70.37322235107422
70.30670928955078
69.95206451416016
70.12200927734375
70.34364318847656
70.0038070678711
69.8471908569336
70.01126098632812
69.5340347290039
69.51167297363281
69.17610168457031
69.35504913330078
69.64586639404297
70.1827621459961
70.06346130371094
70.48104095458984
70.6227035522461
70.33189392089844
69.25814056396484
68.98221588134766
69.75028228759766
69.59368133544922
69.3177719116211
68.97477722167969
68.78836059570312
68.65412902832031
68.6093978881836
69.35504913330078
69.28795623779297
69.5340347290039
69.3774185180664
69.22831726074219
68.8629150390625
69.10900115966797
68.68395233154297
67.68475341796875
67.77423858642578
67.45359802246094
67.50576782226562
67.90098571777344
68.46771240234375
68.71378326416016
68.67649841308594
68.57955169677734
68.72870635986328
69.33271026611328
69.86212921142578
70.26476287841797
70.39154815673828
70.4288330078125
70.45865631103516
71.16704559326172
71.53243255615234
71.9873046875
72.38250732421875
72.9491958618164
72.88208770751953
73.21763610839844
73.15799713134766
73.32205963134766
73.69488525390625
73.49354553222656
73.88129425048828
74.03043365478516
74.40325927734375
74.6195068359375
75.17875671386719
75.48450469970703
75.62619018554688
76.13323974609375
75.43351745605469
76.00531005859375
76.11820220947266
75.94512939453125
75.89246368408203
75.80970001220703
76.23102569580078
76.30628967285156
76.28369140625
76.25359344482422
76.03541564941406
75.75704956054688
75.11751556396484
75.26799011230469
75.19275665283203
75.17772674560547
75.64417266845703
75.90750885009766
75.99778747558594
75.93008422851562
76.23856353759766
76.00531005859375
76.03541564941406
75.99026489257812
75.57646179199219
76.27617645263672
75.8774185180664
76.11067199707031
76.22349548339844
75.94512939453125
76.21601104736328
76.7351303100586
77.09626770019531
76.61474609375
76.78026580810547
76.8254165649414
76.33637237548828
76.68245697021484
76.98340606689453
77.23924255371094
77.03607177734375
77.38217163085938
77.08123016357422
76.90817260742188
77.19408416748047
77.23169708251953
