133.34266662597656
132.70176696777344
130.84381103515625
132.0283966064453
133.70782470703125
133.70782470703125
132.3284912109375
131.23324584960938
133.22918701171875
132.39337158203125
133.4157257080078
134.470458984375
132.61248779296875
129.3266143798828
129.74172973632812
128.10238647460938
129.33396911621094
130.61447143554688
131.38116455078125
130.84275817871094
131.6094970703125
131.4872283935547
131.5443115234375
132.96343994140625
133.72201538085938
134.68447875976562
134.7333984375
136.5685272216797
136.62562561035156
137.1476593017578
136.6338348388672
136.98452758789062
137.73486328125
137.9796142578125
138.24874877929688
137.95513916015625
137.44943237304688
137.78382873535156
137.93067932128906
137.50648498535156
137.50648498535156
137.60438537597656
139.19483947753906
139.43138122558594
139.22750854492188
138.43629455566406
137.98776245117188
138.49339294433594
138.09376525878906
137.93067932128906
138.33847045898438
137.6288604736328
135.7040252685547
135.25535583496094
134.3907928466797
135.05149841308594
134.21954345703125
135.4429473876953
135.89968872070312
135.39404296875
133.2163543701172
133.68936157226562
133.90147399902344
133.47731018066406
134.08091735839844
135.1901397705078
135.36146545410156
135.42666625976562
136.72352600097656
137.73486328125
138.1671905517578
137.8001708984375
138.11007690429688
138.9093780517578
139.52926635742188
141.1442108154297
140.90768432617188
139.9225311279297
139.27503967285156
138.9471893310547
138.5455780029297
139.07830810546875
138.43902587890625
137.70140075683594
138.79150390625
138.66033935546875
137.3817138671875
138.4226531982422
137.22601318359375
135.62779235839844
135.72621154785156
138.65216064453125
139.5454559326172
140.1028289794922
139.08651733398438
141.0290069580078
141.9714813232422
142.93048095703125
142.93869018554688
143.76646423339844
143.0779571533203
143.5533447265625
144.20901489257812
144.4385223388672
145.208984375
144.48770141601562
144.07791137695312
144.42218017578125
144.93032836914062
144.47129821777344
145.208984375
143.37306213378906
145.30731201171875
145.33192443847656
145.03684997558594
146.2007293701172
146.9301300048828
147.56942749023438
147.05307006835938
146.73341369628906
146.27444458007812
147.4546661376953
148.19232177734375
148.04478454589844
148.08580017089844
148.44639587402344
148.34805297851562
147.9628448486328
147.3235626220703
147.30714416503906
146.65963745117188
148.29884338378906
148.67588806152344
148.14309692382812
146.4793701171875
145.9958038330078
145.97940063476562
146.88917541503906
146.4219512939453
148.92172241210938
148.74964904785156
149.61488342285156
150.41424560546875
150.74383544921875
151.51022338867188
151.5019989013672
151.47727966308594
152.19418334960938
150.73561096191406
150.7108917236328
150.2741241455078
151.19708251953125
151.23004150390625
151.32891845703125
151.74099731445312
149.72203063964844
151.3536834716797
152.16946411132812
151.9716796875
151.32891845703125
151.77389526367188
151.87283325195312
150.62847900390625
147.41464233398438
146.68946838378906
147.56301879882812
146.14564514160156
147.69485473632812
146.82958984375
143.52516174316406
144.53048706054688
144.34921264648438
146.25277709960938
148.065673828125
148.337646484375
149.9610137939453
150.03518676757812
150.80979919433594
151.64207458496094
151.82334899902344
150.81797790527344
151.7080535888672
151.53494262695312
152.37551879882812
152.3177947998047
152.32601928710938
153.12535095214844
153.51268005371094
152.4331512451172
154.57571411132812
154.71575927734375
155.07012939453125
155.1360626220703
155.0536651611328
154.28733825683594
154.32847595214844
152.59800720214844
152.16946411132812
153.54559326171875
154.6416473388672
153.8175811767578
154.71575927734375
154.11569213867188
153.47840881347656
154.20675659179688
153.09764099121094
152.77481079101562
153.5280303955078
154.78611755371094
155.81246948242188
156.3339080810547
156.12698364257812
154.28125
152.57620239257812
153.2052459716797
154.85232543945312
151.59954833984375
150.2338409423828
151.41738891601562
152.46026611328125
154.05783081054688
154.2730255126953
154.8109588623047
155.5145263671875
155.15028381347656
155.46484375
154.19017028808594
154.6785125732422
155.3986358642578
155.8621368408203
155.87864685058594
155.65516662597656
155.95318603515625
154.59579467773438
155.5062713623047
155.34066772460938
155.57240295410156
157.08709716796875
157.22779846191406
156.48291015625
155.10894775390625
155.64694213867188
156.218017578125
155.2331085205078
156.54083251953125
156.92152404785156
157.55059814453125
158.51901245117188
158.4031219482422
159.2225341796875
159.4791259765625
159.66128540039062
159.5784454345703
159.90127563476562
160.944091796875
161.71388244628906
161.8794708251953
161.89601135253906
161.3331298828125
160.19091796875
160.67929077148438
160.81170654296875
161.25865173339844
162.44219970703125
162.62435913085938
162.9545440673828
162.9046173095703
161.92324829101562
162.6550750732422
162.5387420654297
162.854736328125
162.7715301513672
163.8610076904297
164.02732849121094
164.83404541015625
164.26025390625
163.20401000976562
163.9358673095703
163.28717041015625
163.51173400878906
164.3350830078125
164.02732849121094
164.6343994140625
162.7632598876953
164.426513671875
164.1187744140625
164.83404541015625
165.19998168945312
165.20828247070312
164.4348602294922
164.5014190673828
163.79449462890625
163.81942749023438
160.5843048095703
160.0936737060547
161.24966430664062
159.68606567382812
159.7360076904297
158.87106323242188
160.7090606689453
161.1748046875
160.95025634765625
162.0397186279297
162.8048095703125
162.7715301513672
164.1354522705078
164.9920654296875
165.4327850341797
165.9152069091797
165.65737915039062
166.49734497070312
166.6054229736328
166.5389404296875
166.4474639892578
166.9215087890625
166.83834838867188
166.74685668945312
166.50567626953125
167.254150390625
166.82171630859375
165.7655487060547
166.3892364501953
166.58055114746094
165.6074981689453
165.48275756835938
166.73019409179688
166.95477294921875
167.8446502685547
167.6934051513672
166.3983612060547
165.44580078125
166.7409210205078
164.0504150390625
165.3538818359375
165.0531005859375
164.61856079101562
162.38771057128906
162.41275024414062
164.20086669921875
164.0086212158203
161.47695922851562
164.30108642578125
161.04248046875
159.2042999267578
156.5890350341797
156.83135986328125
155.77024841308594
155.6365203857422
157.4747314453125
159.00375366210938
162.15374755859375
161.00067138671875
162.87232971191406
164.1256103515625
163.90003967285156
165.78001403808594
165.5293731689453
166.5904998779297
168.49554443359375
168.5874481201172
168.00262451171875
169.063720703125
169.74050903320312
169.8992462158203
170.4340362548828
170.60113525390625
170.41725158691406
170.6094207763672
170.65121459960938
170.75979614257812
171.74581909179688
171.47010803222656
171.7708740234375
172.68995666503906
173.17459106445312
173.04930114746094
173.49208068847656
173.1244354248047
171.9212646484375
173.03250122070312
173.7009735107422
173.50880432128906
173.7928466796875
172.63150024414062
172.5144805908203
169.74887084960938
170.6094207763672
167.8521270751953
166.69906616210938
165.3622283935547
168.6042022705078
172.77349853515625
173.5086669921875
174.30679321289062
174.54208374023438
174.55885314941406
175.12173461914062
175.3569793701172
174.41604614257812
172.685302734375
172.59283447265625
169.4759063720703
167.879638671875
169.9716033935547
172.9877471923828
171.6015167236328
170.25721740722656
169.77833557128906
168.7533416748047
167.2074737548828
169.40029907226562
169.76158142089844
170.6185760498047
173.15577697753906
172.2063751220703
172.60963439941406
170.33287048339844
168.14846801757812
169.70274353027344
167.56875610351562
169.64393615722656
172.09722900390625
171.44187927246094
173.172607421875
172.69374084472656
171.92074584960938
173.75230407714844
173.8530731201172
175.5250244140625
176.24752807617188
176.52481079101562
176.54159545898438
176.41558837890625
177.47418212890625
177.44898986816406
177.9530792236328
177.80181884765625
177.59182739257812
176.9868621826172
178.10427856445312
177.37332153320312
176.62562561035156
176.8188934326172
174.33197021484375
175.0545196533203
172.21478271484375
171.81153869628906
173.9959716796875
172.92892456054688
175.2393798828125
174.71849060058594
176.8188934326172
176.0123291015625
177.5659942626953
177.21994018554688
176.22413635253906
173.6417999267578
173.22830200195312
173.62489318847656
175.7431182861328
174.20718383789062
173.59117126464844
174.21560668945312
175.38868713378906
174.9245147705078
175.5152587890625
176.29164123535156
177.25369262695312
176.4519500732422
176.78958129882812
177.58279418945312
177.53216552734375
175.48995971679688
177.09339904785156
176.88235473632812
177.75160217285156
178.19882202148438
178.6123809814453
177.86968994140625
178.43521118164062
177.70098876953125
175.9203338623047
177.82762145996094
178.3339080810547
176.29164123535156
175.5658416748047
176.26637268066406
178.58706665039062
177.73468017578125
177.2030487060547
177.23683166503906
179.0850067138672
179.279052734375
179.83607482910156
179.77696228027344
179.65037536621094
180.17361450195312
179.74325561523438
177.8106231689453
179.49850463867188
179.2959747314453
178.18197631835938
178.544921875
178.36767578125
178.8402557373047
177.32965087890625
177.0258331298828
175.93724060058594
175.91189575195312
178.0216522216797
178.59547424316406
177.2283477783203
176.46884155273438
177.43087768554688
177.7178192138672
179.5659637451172
178.7688446044922
179.68470764160156
179.81192016601562
178.50596618652344
177.96327209472656
177.9293670654297
174.19810485839844
174.56271362304688
175.96194458007812
175.80084228515625
175.30050659179688
176.40293884277344
173.4434051513672
173.7571563720703
175.9449920654297
177.88693237304688
178.65863037109375
178.59921264648438
180.0323944091797
180.1850128173828
180.27830505371094
179.56597900390625
179.2437286376953
178.23463439941406
176.38597106933594
175.35983276367188
177.5137939453125
178.73487854003906
178.77732849121094
178.50596618652344
177.90390014648438
177.5561981201172
178.141357421875
176.6827392578125
176.34356689453125
178.5653839111328
176.9541015625
177.1661376953125
176.9456329345703
177.59011840820312
178.582275390625
178.0649871826172
176.65733337402344
172.96852111816406
167.76173400878906
160.69775390625
158.8067626953125
164.90390014648438
168.98284912109375
168.9913330078125
167.62603759765625
162.62277221679688
165.70953369140625
165.82826232910156
163.31817626953125
167.4225311279297
165.1837615966797
166.08265686035156
166.83737182617188
166.2183380126953
168.29591369628906
169.75450134277344
169.3729248046875
166.6051025390625
167.46604919433594
165.2924346923828
165.02810668945312
164.43145751953125
164.38885498046875
160.26307678222656
160.3568878173828
163.348876953125
163.77505493164062
166.22152709960938
169.17941284179688
168.5997772216797
169.98069763183594
171.51502990722656
171.61732482910156
171.77928161621094
170.6967315673828
169.87840270996094
172.48683166503906
173.27105712890625
173.35626220703125
173.13465881347656
172.06057739257812
174.96731567382812
176.88523864746094
176.45057678222656
176.10955810546875
178.1127471923828
178.01046752929688
177.24322509765625
179.3402099609375
179.86024475097656
179.3146514892578
179.1356658935547
179.04185485839844
177.37115478515625
177.7803192138672
177.08131408691406
174.60934448242188
172.6488037109375
175.2742156982422
175.14634704589844
177.9252166748047
177.77175903320312
178.41961669921875
178.21505737304688
178.45375061035156
178.42811584472656
178.63275146484375
177.8910675048828
179.58743286132812
177.7546844482422
175.2657012939453
178.6838836669922
177.601318359375
176.40789794921875
175.03549194335938
175.48727416992188
172.08615112304688
172.9556121826172
174.77125549316406
177.32850646972656
174.6263885498047
171.5154266357422
172.9302520751953
174.49945068359375
176.66030883789062
176.3688201904297
175.96580505371094
177.84368896484375
176.5831756591797
174.81674194335938
172.37290954589844
172.66444396972656
170.48641967773438
166.3961944580078
164.5697479248047
164.73263549804688
166.06175231933594
161.92002868652344
164.5782928466797
161.04537963867188
161.259765625
159.19325256347656
160.0850372314453
163.36923217773438
160.89959716796875
163.09481811523438
161.31983947753906
162.16012573242188
166.1132049560547
166.05313110351562
163.06053161621094
164.0380859375
164.29530334472656
161.16546630859375
158.99600219726562
159.0045928955078
158.86741638183594
156.8008575439453
160.0335693359375
162.73468017578125
165.39291381835938
164.71548461914062
164.6383056640625
167.0221405029297
164.91270446777344
165.66732788085938
167.67384338378906
167.2879180908203
165.97598266601562
169.87757873535156
170.64071655273438
171.30963134765625
171.86695861816406
172.00416564941406
170.12625122070312
170.9665985107422
171.10377502441406
173.86488342285156
173.6419677734375
173.35897827148438
174.3622589111328
175.4683837890625
176.15797424316406
176.40789794921875
176.3131103515625
175.1494903564453
175.07191467285156
175.1753387451172
176.79576110839844
177.571533203125
177.1405487060547
178.34722900390625
177.76971435546875
175.9941864013672
177.916259765625
175.78733825683594
176.26141357421875
175.84764099121094
177.48532104492188
179.27804565429688
179.28668212890625
179.08843994140625
180.34686279296875
180.91571044921875
181.08811950683594
180.11412048339844
180.11412048339844
179.8038330078125
180.07106018066406
180.4417266845703
178.8040313720703
177.83863830566406
179.252197265625
177.692138671875
176.7009735107422
176.66650390625
177.3129119873047
177.45947265625
179.66590881347656
177.9851837158203
178.03689575195312
176.4854736328125
178.2265625
176.56309509277344
176.61474609375
176.0028076171875
177.1146697998047
176.8733367919922
179.166015625
180.38133239746094
180.4330596923828
181.2088165283203
180.86402893066406
181.23458862304688
181.7862548828125
181.2432403564453
182.16546630859375
182.449951171875
183.04464721679688
182.7947235107422
181.06224060058594
179.66590881347656
179.3125762939453
179.06259155273438
179.5969696044922
178.92813110351562
180.08042907714844
180.5916290283203
180.29705810546875
182.64491271972656
176.08633422851562
172.9326629638672
176.05169677734375
179.0494384765625
181.49269104003906
181.8738555908203
180.5656280517578
181.64866638183594
181.53599548339844
184.23910522460938
184.888916015625
186.2318878173828
186.20584106445312
187.24549865722656
186.99427795410156
187.49679565429688
187.30618286132812
188.08595275878906
187.37551879882812
188.21591186523438
187.7047119140625
187.79136657714844
187.59213256835938
187.80870056152344
188.1119384765625
187.95599365234375
186.75173950195312
187.2975311279297
187.49679565429688
189.03033447265625
188.9176788330078
189.03033447265625
188.5624542236328
189.43753051757812
189.2729034423828
189.81871032714844
188.83966064453125
189.1949462890625
189.6194610595703
189.34219360351562
189.33352661132812
189.71473693847656
188.7444305419922
188.6144561767578
188.25924682617188
189.1862335205078
188.8743438720703
188.33718872070312
188.3458709716797
189.1949462890625
189.76675415039062
189.74942016601562
189.31622314453125
184.78497314453125
187.43614196777344
184.74163818359375
184.67234802246094
186.5177459716797
185.7967529296875
185.83155822753906
185.8402862548828
187.93017578125
189.11434936523438
188.0781707763672
186.55429077148438
187.71246337890625
188.6442108154297
186.9374542236328
188.34812927246094
187.89532470703125
186.9374542236328
187.76466369628906
187.89532470703125
187.2509002685547
188.22621154785156
185.8490447998047
186.0928192138672
185.48326110839844
185.5790557861328
184.9346923828125
186.0928192138672
186.58912658691406
186.2408447265625
186.32794189453125
187.12033081054688
186.49337768554688
186.1189727783203
185.6226043701172
185.07408142089844
185.08270263671875
183.74176025390625
182.6358642578125
181.7999267578125
181.599609375
185.60516357421875
186.44110107421875
188.41783142089844
188.88800048828125
188.45260620117188
188.60060119628906
190.07223510742188
189.71522521972656
190.69049072265625
190.2637939453125
191.70059204101562
192.07504272460938
192.17950439453125
192.89353942871094
191.98794555664062
192.3624267578125
191.90089416503906
191.19552612304688
191.29132080078125
192.4407501220703
193.05029296875
195.57550048828125
196.05445861816406
197.2386932373047
197.01229858398438
198.3271484375
196.69012451171875
197.4999542236328
197.1136474609375
197.5428466796875
198.30487060546875
197.75306701660156
197.41146850585938
197.7005615234375
198.19100952148438
196.5531463623047
196.50930786132812
195.79104614257812
197.2888641357422
198.46258544921875
198.30487060546875
199.014404296875
198.35748291015625
198.35748291015625
198.91807556152344
198.4187469482422
198.87425231933594
198.1735076904297
198.61148071289062
197.875732421875
198.6027069091797
198.08587646484375
199.3560028076172
201.08151245117188
200.8712921142578
200.5559539794922
199.3121795654297
199.29469299316406
199.37353515625
199.50489807128906
200.8800811767578
200.5209503173828
200.52972412109375
200.79244995117188
201.98370361328125
202.78077697753906
203.88442993164062
204.6990203857422
205.76763916015625
205.59239196777344
205.9165496826172
207.14280700683594
206.95883178710938
207.0989990234375
207.36178588867188
207.6858673095703
207.12527465820312
210.0245361328125
208.701904296875
208.8332977294922
208.21139526367188
207.58950805664062
207.20411682128906
207.4668731689453
208.19387817382812
208.2989501953125
207.50189208984375
209.2974853515625
208.88584899902344
208.51895141601562
208.290283203125
205.6159210205078
206.0997314453125
205.8798828125
205.73028564453125
205.51913452148438
207.01466369628906
207.2081756591797
207.86798095703125
207.3842010498047
207.0234832763672
207.1554412841797
206.53964233398438
207.12025451660156
206.90914916992188
207.0322723388672
206.78591918945312
205.8798828125
204.5426483154297
206.35488891601562
205.73910522460938
205.36077880859375
207.0322723388672
206.37246704101562
208.64218139648438
209.85618591308594
209.7241668701172
209.90011596679688
209.4427032470703
209.97048950195312
210.04971313476562
209.79457092285156
210.04087829589844
210.86782836914062
210.83265686035156
210.63912963867188
211.01742553710938
210.5863037109375
210.23443603515625
211.39566040039062
211.2021026611328
207.45448303222656
208.290283203125
209.64501953125
210.7095184326172
211.17575073242188
211.6683807373047
212.6800537109375
212.63607788085938
212.45132446289062
212.3985595703125
214.08758544921875
214.80015563964844
214.64183044433594
213.95559692382812
214.35153198242188
214.4571075439453
214.1315460205078
214.08758544921875
215.13450622558594
214.86178588867188
214.4482879638672
214.49514770507812
216.2808074951172
214.8222198486328
214.76918029785156
214.6719512939453
214.92828369140625
215.0697479248047
213.3370819091797
215.2465362548828
213.3547821044922
213.75259399414062
214.1150360107422
214.6100311279297
212.6475372314453
214.02659606933594
214.2564239501953
214.09730529785156
215.70623779296875
216.0686492919922
217.076416015625
217.04986572265625
217.1648406982422
218.34056091308594
218.4377899169922
218.24334716796875
218.19029235839844
218.7206573486328
218.72950744628906
218.52618408203125
218.26983642578125
218.1460723876953
218.63230895996094
218.73834228515625
218.31405639648438
218.71185302734375
219.11851501464844
218.5791778564453
218.5703887939453
215.4852294921875
215.80345153808594
217.94276428222656
217.91624450683594
218.29638671875
214.89292907714844
214.55703735351562
214.72496032714844
216.97036743164062
216.19241333007812
215.68853759765625
216.19241333007812
216.2012481689453
216.4487762451172
217.47421264648438
218.78256225585938
219.0919647216797
217.51840209960938
218.260986328125
218.2344970703125
217.9781036376953
220.3030548095703
221.0456085205078
221.1516876220703
221.08096313476562
221.37860107421875
221.8494110107422
222.07154846191406
222.15147399902344
221.55625915527344
221.60067749023438
221.14756774902344
221.2808837890625
222.14259338378906
222.4091339111328
223.19090270996094
224.15924072265625
224.6389617919922
224.90550231933594
226.23809814453125
225.98049926757812
225.6073455810547
226.20254516601562
226.55792236328125
226.22030639648438
226.49575805664062
226.79776000976562
226.95773315429688
227.1798553466797
227.24200439453125
228.41464233398438
227.52622985839844
227.926025390625
226.79776000976562
227.09095764160156
228.9477081298828
228.09486389160156
228.45021057128906
228.75222778320312
228.84109497070312
229.60513305664062
229.96044921875
229.80055236816406
230.19142150878906
229.3563690185547
229.2852783203125
229.49847412109375
228.96546936035156
227.81947326660156
229.7561492919922
229.08090209960938
229.4718017578125
230.9731903076172
230.76890563964844
231.30197143554688
231.1864776611328
233.53176879882812
233.38961791992188
235.43296813964844
234.94439697265625
234.66006469726562
233.8160858154297
233.8604736328125
234.59788513183594
235.87718200683594
236.58786010742188
237.00543212890625
236.97882080078125
236.01040649414062
237.97579956054688
239.4847869873047
238.56512451171875
238.4401397705078
238.93118286132812
238.8687286376953
238.5830078125
238.69911193847656
239.19017028808594
238.2883758544922
