11.22592544555664
11.417984008789062
11.286745071411133
11.462800025939941
11.347566604614258
11.520421981811523
11.446795463562012
11.4019775390625
11.619653701782227
11.49481201171875
11.446795463562012
11.578041076660156
11.28354549407959
10.995452880859375
11.03386402130127
11.03066349029541
11.213120460510254
11.309149742126465
11.405183792114258
11.331561088562012
11.299552917480469
11.373170852661133
11.4019775390625
11.469200134277344
11.581766128540039
11.588276863098145
11.519918441772461
11.676166534423828
11.656634330749512
11.572000503540039
11.679421424865723
11.705458641052246
11.6338472366333
11.656634330749512
11.581766128540039
11.656634330749512
11.523175239562988
11.542703628540039
11.588276863098145
11.679421424865723
11.529682159423828
11.480854988098145
11.627336502075195
11.643613815307617
11.611058235168457
11.549212455749512
11.5850191116333
11.487367630004883
11.327864646911621
11.366923332214355
11.301824569702148
11.318098068237305
11.18138313293457
11.126047134399414
10.99909782409668
11.025138854980469
10.898186683654785
11.008862495422363
11.161853790283203
11.008862495422363
10.96654224395752
10.930736541748047
10.953521728515625
11.012114524841309
10.84610366821289
10.982821464538574
10.852611541748047
10.87540340423584
10.947015762329102
11.057686805725098
11.057686805725098
11.191147804260254
11.171616554260254
11.252995491027832
11.311590194702148
11.376694679260254
11.3311185836792
11.168366432189941
11.139062881469727
11.096749305725098
11.083728790283203
11.142322540283203
11.060941696166992
11.008862495422363
11.08698558807373
11.047922134399414
10.95026683807373
10.986074447631836
11.067453384399414
10.969980239868164
11.182023048400879
11.314553260803223
11.3311185836792
11.238346099853516
11.168769836425781
11.3311185836792
11.41063404083252
11.466958045959473
11.66906452178955
11.67237663269043
11.688944816589355
11.473583221435547
11.659124374389648
11.78502368927002
12.016948699951172
12.013635635375977
11.993757247924805
12.007007598876953
12.076587677001953
11.771771430969238
11.867853164672852
11.632620811462402
11.652498245239258
11.606111526489258
11.652498245239258
11.619363784790039
11.649185180664062
11.738638877868652
11.794962882995605
11.834722518920898
11.7287015914917
11.69556999206543
11.73532772064209
11.718764305114746
11.688944816589355
11.732011795043945
11.665755271911621
11.529911994934082
11.510029792785645
11.463645935058594
11.34768295288086
11.440451622009277
11.493465423583984
11.397381782531738
11.248290061950684
11.228409767150879
11.215153694152832
11.314553260803223
11.215153694152832
11.390756607055664
11.413946151733398
11.364248275756836
11.493465423583984
11.579606056213379
11.649185180664062
11.655815124511719
11.662436485290527
11.649185180664062
11.579606056213379
11.529911994934082
11.58292007446289
11.579606056213379
11.545563697814941
11.309530258178711
11.336501121520996
11.22860336303711
11.289294242858887
11.393826484680176
11.451147079467773
11.36347770690918
11.3196439743042
11.242088317871094
11.397197723388672
11.269064903259277
11.299408912658691
11.36347770690918
11.231976509094238
11.24545955657959
11.235343933105469
10.773387908935547
10.941984176635742
10.817221641540527
10.790247917175293
10.89140796661377
10.93861198425293
11.110583305358887
11.107211112976074
11.292672157287598
11.178022384643555
11.066746711730957
11.076861381530762
11.188138961791992
11.060002326965332
10.94873046875
10.84757137298584
10.790247917175293
10.86780071258545
10.766640663146973
10.743042945861816
10.840829849243164
10.834080696105957
10.904892921447754
10.972330093383789
10.9622163772583
10.86780071258545
10.918381690979004
10.908266067504883
10.955472946166992
11.090350151062012
11.120696067810059
11.1139554977417
11.494982719421387
11.565793991088867
11.619747161865234
11.707416534423828
11.67032527923584
11.788344383239746
11.825434684753418
11.825434684753418
11.83218002319336
11.926596641540527
12.014267921447754
11.987290382385254
11.967058181762695
12.100530624389648
11.980449676513672
12.049068450927734
12.076513290405273
12.13140869140625
12.241190910339355
12.385289192199707
12.364706039428711
12.371564865112305
12.450471878051758
11.980449676513672
11.836358070373535
11.832930564880371
12.035343170166016
12.151995658874512
12.248056411743164
12.20688247680664
12.224044799804688
12.268641471862793
12.176008224487305
12.268641471862793
12.488208770751953
12.501935958862305
12.546537399291992
12.419599533081055
12.484783172607422
12.52938461303711
12.604862213134766
12.48134994506836
12.179438591003418
12.100530624389648
12.138265609741211
12.117687225341797
12.079951286315918
12.124544143676758
12.14169979095459
12.169146537780762
12.158852577209473
12.076513290405273
12.025054931640625
12.042205810546875
12.01475715637207
12.011327743530273
11.987313270568848
11.942715644836426
11.949573516845703
12.018189430236816
12.001035690307617
12.01475715637207
12.076513290405273
12.13140869140625
12.14169979095459
12.14169979095459
12.107393264770508
12.097098350524902
12.097098350524902
12.148560523986816
12.13140869140625
12.17257308959961
12.237764358520508
12.296085357666016
12.357840538024902
12.409858703613281
12.441263198852539
12.458714485168457
12.479652404785156
12.514549255371094
12.647162437438965
12.720454216003418
12.57387638092041
12.622737884521484
12.549450874328613
12.54246997833252
12.521529197692871
12.388916969299316
12.402874946594238
12.441263198852539
12.769309997558594
12.689042091369629
12.420326232910156
12.329588890075684
12.374957084655762
12.252814292907715
12.081811904907227
11.938728332519531
12.029462814331055
12.029462814331055
12.088789939880371
12.106242179870605
12.18301773071289
12.123688697814941
12.092278480529785
12.032955169677734
12.050402641296387
12.088789939880371
12.039933204650879
12.043423652648926
12.039933204650879
12.127178192138672
12.123688697814941
12.200462341308594
12.158586502075195
12.203954696655273
12.193486213684082
12.266772270202637
12.217916488647461
12.095769882202148
12.109729766845703
12.162078857421875
12.039933204650879
12.106242179870605
12.196976661682129
12.221402168273926
12.270263671875
12.378446578979492
12.388916969299316
12.305159568786621
12.35401725769043
12.24234390258789
12.312142372131348
12.29468822479248
12.298177719116211
12.200462341308594
12.203954696655273
12.34006118774414
12.385428428649902
12.329588890075684
12.481942176818848
12.307943344116211
12.162346839904785
12.009654998779297
12.016758918762207
12.027409553527832
11.945734977722168
12.10197925567627
12.173004150390625
12.293734550476074
12.251129150390625
11.952836036682129
12.027409553527832
12.11263370513916
12.190757751464844
12.215615272521973
12.254680633544922
12.371857643127441
12.371857643127441
12.354105949401855
12.400267601013184
12.32925033569336
12.396722793579102
12.471292495727539
12.464190483093262
12.570719718933105
12.645293235778809
12.748273849487305
12.730520248413086
12.684350967407227
12.560068130493164
12.528106689453125
12.528106689453125
12.322142601013184
12.36475944519043
12.47484302520752
12.563616752624512
12.449984550476074
12.176555633544922
12.073572158813477
12.041613578796387
12.052267074584961
12.030961036682129
11.679409980773926
11.537364959716797
11.615488052368164
11.420181274414062
11.452139854431152
11.413078308105469
11.60128116607666
11.899572372436523
11.910226821899414
12.020307540893555
12.084222793579102
12.059367179870605
12.133940696716309
12.11263370513916
12.10197925567627
11.927980422973633
12.027409553527832
11.913773536682129
11.931534767150879
12.001102447509766
12.120491981506348
12.08431625366211
12.116876602172852
12.116876602172852
12.05898666381836
12.033661842346191
12.229037284851074
12.283310890197754
12.301398277282715
12.22541618347168
12.073460578918457
12.004716873168945
11.870847702026367
11.82381534576416
11.925122261047363
11.910649299621582
12.14220142364502
12.424410820007324
12.449736595153809
12.496770858764648
12.616168975830078
12.532953262329102
12.608938217163086
12.442500114440918
12.522101402282715
12.540190696716309
12.558277130126953
12.478683471679688
12.333961486816406
12.330340385437012
12.247129440307617
12.31949234008789
12.3773775100708
12.48230266571045
12.504008293151855
12.532953262329102
12.449736595153809
12.301398277282715
12.301398277282715
12.113261222839355
12.06622314453125
11.859994888305664
11.802109718322754
11.986626625061035
11.852760314941406
11.96130084991455
11.903411865234375
12.153058052062988
12.011954307556152
12.022807121276855
12.04089641571045
11.96491527557373
11.802109718322754
11.874469757080078
11.849139213562012
11.928738594055176
11.812960624694824
11.899796485900879
11.986626625061035
12.05898666381836
11.997480392456055
12.038881301879883
12.053632736206055
12.083127975463867
12.123688697814941
12.053632736206055
12.1273775100708
12.07575798034668
11.987260818481445
12.105253219604492
12.042569160461426
12.116315841674805
12.621465682983398
12.5403470993042
12.56984806060791
12.853763580322266
12.816888809204102
12.77264404296875
12.69152545928955
12.732087135314941
12.4334135055542
12.308053970336914
12.304363250732422
12.422357559204102
12.348611831665039
12.411290168762207
12.499789237976074
12.584595680236816
12.658341407775879
12.857450485229492
12.673089981079102
12.765268325805664
12.931194305419922
12.798456192016602
12.783705711364746
12.886947631835938
12.831642150878906
12.735772132873535
12.665714263916016
12.669404029846191
12.916446685791016
13.0049409866333
12.746832847595215
12.7542085647583
12.724711418151855
12.802142143249512
12.861137390136719
12.77633285522461
12.687836647033691
12.783705711364746
12.831642150878906
12.912762641906738
12.901700973510742
12.920132637023926
13.240922927856445
13.192992210388184
13.340476989746094
13.31836223602295
13.189305305480957
13.097124099731445
13.115559577941895
13.174556732177734
13.1303071975708
13.189305305480957
13.055068016052246
12.904963493347168
13.002533912658691
13.088839530944824
13.178900718688965
13.032554626464844
13.193912506103516
13.137625694274902
13.096348762512207
12.972511291503906
12.859935760498047
12.732349395751953
12.867441177368164
12.878700256347656
12.882453918457031
13.01754093170166
13.058821678161621
13.036310195922852
13.006280899047852
12.976263999938965
12.972511291503906
12.848679542541504
12.837422370910645
13.051319122314453
13.002533912658691
12.76612377166748
12.68731689453125
12.77738094329834
12.844924926757812
12.8899564743042
12.893712043762207
12.739853858947754
12.52596378326416
12.146955490112305
11.933061599731445
12.26703929901123
12.548479080200195
12.49219036102295
12.458415031433105
12.128194808959961
12.315820693969727
12.39837646484375
12.21825122833252
12.435900688171387
12.300811767578125
12.289555549621582
12.27829360961914
12.21450138092041
12.330831527709961
12.360845565795898
12.300811767578125
12.21450138092041
12.21825122833252
12.109430313110352
12.083158493041992
12.049386978149414
12.13194465637207
11.970587730407715
12.034377098083496
12.225756645202637
12.20699405670166
12.248273849487305
12.544722557067871
12.49969482421875
12.664998054504395
12.772067070007324
12.672643661499023
12.7338285446167
12.703238487243652
12.7223539352417
12.80648422241211
12.936500549316406
12.860020637512207
12.905909538269043
12.848548889160156
12.986209869384766
12.902080535888672
12.87148666381836
12.699410438537598
12.77971363067627
12.829429626464844
12.814131736755371
12.852372169494629
12.860020637512207
12.80265998840332
12.749125480651855
12.680288314819336
12.557923316955566
12.538806915283203
12.588515281677246
12.500568389892578
12.355252265930176
12.634406089782715
12.71853256225586
12.825599670410156
12.856192588806152
12.87148666381836
12.795013427734375
12.768239974975586
12.791187286376953
12.837072372436523
12.875314712524414
12.913554191589355
12.833250999450684
12.657347679138184
13.043571472167969
13.104751586914062
12.944146156311035
12.837072372436523
12.875314712524414
12.684113502502441
12.848548889160156
12.928847312927246
13.154467582702637
13.012975692749023
12.848548889160156
13.03592300415039
13.158287048339844
13.299778938293457
13.253883361816406
13.292123794555664
13.357136726379395
13.284483909606934
13.158287048339844
13.135343551635742
13.227119445800781
13.268226623535156
13.053971290588379
13.065654754638672
13.225373268127441
13.205897331237793
13.143567085266113
13.361717224121094
13.240955352783203
13.443526268005371
13.205897331237793
13.455211639404297
13.688944816589355
13.63440990447998
13.790227890014648
13.821389198303223
13.840868949890137
14.047333717346191
14.094077110290527
14.047333717346191
14.304439544677734
14.230427742004395
14.36677074432373
14.456367492675781
14.277168273925781
14.191468238830566
14.105767250061035
14.207048416137695
14.277168273925781
14.273271560668945
14.409619331359863
14.24600601196289
14.358975410461426
14.31223201751709
14.45246696472168
14.557653427124023
14.464157104492188
14.394035339355469
14.565442085266113
14.6823091506958
14.799175262451172
14.775799751281738
14.85371208190918
14.838127136230469
14.795278549194336
14.923834800720215
14.943309783935547
14.927721977233887
15.005636215209961
15.103031158447266
15.239373207092285
15.021222114562988
15.16146183013916
15.048492431640625
15.013427734375
15.145878791809082
15.219895362854004
15.367925643920898
15.336760520935059
15.258852005004883
15.21209716796875
15.332866668701172
15.266637802124023
15.300508499145508
15.280705451965332
15.24506950378418
15.201513290405273
15.312386512756348
15.146075248718262
15.21338939666748
15.237146377563477
15.304463386535645
15.411377906799316
15.332188606262207
14.991641998291016
15.074795722961426
15.130237579345703
15.082717895507812
15.332188606262207
15.300508499145508
15.371780395507812
15.482649803161621
15.407419204711914
15.395540237426758
15.340100288391113
15.43909740447998
15.387617111206055
15.56580924987793
15.514335632324219
15.660842895507812
15.502452850341797
15.553927421569824
15.486614227294922
15.225266456604004
15.221311569213867
15.225266456604004
15.173794746398926
15.24506950378418
15.292584419250488
15.37969970703125
15.43909740447998
15.502452850341797
15.336143493652344
15.37969970703125
15.526212692260742
15.577691078186035
15.755874633789062
15.783597946166992
15.87467098236084
15.96969985961914
15.91426944732666
15.989503860473633
15.953866958618164
16.03306007385254
16.128093719482422
16.147891998291016
16.262727737426758
16.353801727294922
16.583467483520508
16.440914154052734
16.642864227294922
16.638906478881836
16.844810485839844
17.110111236572266
17.213064193725586
17.165552139282227
17.320480346679688
16.998987197875977
17.12356185913086
17.0833740234375
17.043188095092773
17.11552619934082
17.187864303588867
17.236085891723633
17.22001075744629
17.187864303588867
17.163747787475586
17.087392807006836
17.324495315551758
17.256179809570312
17.031137466430664
17.183841705322266
17.111509323120117
17.39683723449707
17.352630615234375
17.344585418701172
17.33655548095703
17.31243896484375
17.344585418701172
17.252164840698242
17.31243896484375
17.36066436767578
17.437023162841797
17.392812728881836
17.288326263427734
16.862350463867188
16.82216453552246
16.637304306030273
16.48057746887207
16.440387725830078
16.416275024414062
16.424312591552734
16.50468635559082
16.347963333129883
16.4765567779541
16.432353973388672
16.42833137512207
16.460485458374023
16.456459045410156
16.568981170654297
16.585060119628906
16.55290985107422
15.958148002624512
16.36001205444336
16.06263542175293
16.030485153198242
16.255529403686523
16.155065536499023
16.098804473876953
16.05862045288086
16.303752899169922
16.520763397216797
16.589080810546875
16.532814025878906
16.66141700744629
16.416275024414062
16.368053436279297
16.319828033447266
16.38412857055664
16.03449821472168
15.991835594177246
15.971416473388672
15.873405456542969
15.930578231811523
15.967333793640137
16.061254501342773
16.077594757080078
16.016338348388672
16.036762237548828
16.073511123657227
16.081674575805664
15.78356647491455
15.309853553771973
15.052581787109375
14.9872407913208
14.876977920532227
14.913734436035156
14.909649848937988
15.023992538452148
14.930069923400879
14.85247802734375
14.958657264709473
14.90556812286377
15.032163619995117
15.105669021606445
15.289434432983398
14.93415355682373
14.909649848937988
14.754469871520996
15.015824317932129
15.171009063720703
15.277183532714844
15.338441848754883
15.411947250366211
15.742728233337402
15.816238403320312
16.01225471496582
16.14702033996582
16.122512817382812
15.775398254394531
15.87749195098877
15.767231941223145
15.775398254394531
16.069427490234375
16.518632888793945
16.502302169799805
16.49005126953125
16.79224395751953
16.8902530670166
16.784076690673828
16.947431564331055
17.016847610473633
17.20061492919922
17.34354591369629
17.298622131347656
17.44563865661621
17.449724197387695
17.41704750061035
17.363964080810547
17.421138763427734
17.3680477142334
17.56814956665039
17.466053009033203
17.41704750061035
17.134553909301758
16.91891860961914
16.92307472229004
16.840133666992188
17.00600814819336
16.985273361206055
17.047475814819336
16.91891860961914
17.00185775756836
17.18846893310547
17.416536331176758
17.15114402770996
17.16358757019043
17.321165084838867
17.420682907104492
17.341896057128906
17.48288917541504
17.441415786743164
17.076499938964844
17.105527877807617
17.026737213134766
17.051618576049805
17.088943481445312
17.130409240722656
17.15943717956543
16.856718063354492
16.898189544677734
17.051618576049805
17.105527877807617
17.200902938842773
17.30457878112793
17.246522903442383
17.395809173583984
17.565820693969727
17.341896057128906
17.32945442199707
17.43312644958496
17.44556427001953
17.420682907104492
17.39995574951172
17.366777420043945
17.321165084838867
17.391658782958984
17.56167984008789
17.56997299194336
17.453861236572266
17.66119956970215
17.598995208740234
17.66949462890625
17.590707778930664
17.44971466064453
17.271404266357422
17.271404266357422
17.283845901489258
17.205047607421875
17.23407745361328
17.18846893310547
17.317014694213867
17.229934692382812
17.23822784423828
17.287988662719727
17.21334457397461
17.103294372558594
17.099084854125977
17.0106201171875
16.98113250732422
17.086442947387695
16.968488693237305
16.97691535949707
16.955854415893555
16.955854415893555
17.0021915435791
16.821048736572266
16.858963012695312
16.825258255004883
17.035890579223633
16.8126220703125
16.694671630859375
16.471397399902344
16.408212661743164
16.176513671875
16.012222290039062
16.243915557861328
16.248126983642578
16.10068702697754
16.197582244873047
16.193368911743164
16.214426040649414
16.25655746459961
16.08805274963379
15.78052806854248
15.986947059631348
16.109111785888672
16.11332893371582
16.13860511779785
16.071197509765625
16.104902267456055
16.058561325073242
16.239707946777344
16.231277465820312
16.374513626098633
16.374513626098633
16.349231719970703
16.31553840637207
16.328170776367188
16.21864128112793
16.340805053710938
16.45876121520996
16.294469833374023
16.311323165893555
16.361867904663086
16.412424087524414
16.391357421875
16.286043167114258
16.071197509765625
16.05013084411621
15.986947059631348
16.071197509765625
15.881631851196289
15.982733726501465
15.84792709350586
15.894268989562988
16.054349899291992
16.058561325073242
15.93375015258789
15.848037719726562
15.783754348754883
15.685188293457031
15.783754348754883
15.518049240112305
15.556615829467773
15.595189094543457
15.423762321472168
15.48376750946045
15.65090274810791
15.646614074707031
15.526622772216797
15.522330284118652
16.298017501831055
16.889434814453125
16.71372413635254
16.71372413635254
16.66229820251465
16.400875091552734
16.405160903930664
16.469444274902344
16.508018493652344
16.439443588256836
16.439443588256836
16.366594314575195
16.32801628112793
16.49944496154785
16.353734970092773
16.38373565673828
16.11374855041504
16.01517677307129
16.105175018310547
16.276592254638672
16.25088119506836
16.148025512695312
16.2808837890625
16.25945281982422
16.22088050842285
16.14374351501465
16.05374526977539
16.06231689453125
15.895179748535156
15.672329902648926
15.25662899017334
15.252344131469727
15.316625595092773
15.53947925567627
15.663755416870117
15.565191268920898
15.899462699890137
16.036603927612305
16.375164031982422
16.469444274902344
16.37944793701172
16.53801727294922
16.765151977539062
16.59372901916504
16.615158081054688
16.730863571166992
16.78658103942871
16.7608699798584
16.919431686401367
16.92799949645996
16.932287216186523
16.814104080200195
16.687744140625
16.77488899230957
16.639822006225586
15.624616622924805
15.554898262023926
15.759685516357422
15.785832405090332
15.559253692626953
15.550540924072266
15.485185623168945
15.3588285446167
15.188898086547852
14.591979026794434
14.674762725830078
14.801115036010742
14.613758087158203
14.661685943603516
14.618117332458496
14.452552795410156
14.509185791015625
14.317479133605957
14.408977508544922
14.570191383361816
14.814188003540039
14.91004753112793
14.888256072998047
14.692190170288086
14.731403350830078
15.040759086608887
15.03640079498291
15.093040466308594
14.957972526550293
15.193257331848145
15.167115211486816
15.110471725463867
15.43289852142334
15.894756317138672
15.85118293762207
15.903470039367676
16.238964080810547
15.925252914428711
15.733538627624512
15.759685516357422
16.003681182861328
16.07775115966797
16.60060691833496
16.574462890625
16.44375228881836
16.66160774230957
16.757457733154297
16.578819274902344
16.796676635742188
16.940460205078125
16.966604232788086
17.01888656616211
16.944820404052734
17.071170806884766
16.940460205078125
