26.072790145874023
26.103870391845703
25.7403621673584
25.4234619140625
25.563276290893555
25.619199752807617
25.373762130737305
25.109678268432617
25.55084800720215
25.265029907226562
25.457639694213867
25.603660583496094
25.470073699951172
25.050655364990234
25.258804321289062
25.23705291748047
25.721721649169922
25.917463302612305
26.066587448120117
26.243682861328125
26.330669403076172
26.256103515625
26.206392288208008
26.265995025634766
26.41029930114746
26.48558807373047
26.40715980529785
26.629892349243164
26.633024215698242
26.789873123168945
26.81184196472168
27.028289794921875
27.44235610961914
27.495698928833008
27.574115753173828
27.520803451538086
27.64313316345215
27.702747344970703
27.718421936035156
27.884679794311523
27.370216369628906
27.153772354125977
27.229061126708984
27.407861709594727
27.32630157470703
27.075336456298828
27.329435348510742
27.185138702392578
27.106718063354492
27.367076873779297
27.370216369628906
27.213369369506836
27.42041778564453
27.260427474975586
27.46746063232422
27.392175674438477
27.596080780029297
27.859580993652344
27.906641006469727
27.549030303955078
27.476877212524414
28.210933685302734
28.113676071166992
28.333271026611328
28.32386589050293
28.750497817993164
28.596778869628906
28.659517288208008
28.430513381958008
28.48072624206543
28.333271026611328
28.20778465270996
28.48072624206543
28.681467056274414
28.593645095825195
28.56227684020996
28.56227684020996
28.656383514404297
28.869701385498047
28.904205322265625
28.954395294189453
29.08929443359375
29.092424392700195
29.222230911254883
29.13990592956543
28.86764144897461
28.899288177490234
28.937294006347656
28.813812255859375
28.842308044433594
29.222230911254883
29.28870964050293
29.228561401367188
29.3013858795166
29.364709854125977
29.443851470947266
29.412195205688477
29.510334014892578
29.586322784423828
29.624311447143555
29.7921085357666
29.820602416992188
30.124544143676758
30.248016357421875
30.27967643737793
30.355653762817383
30.28917121887207
30.295503616333008
30.380990982055664
30.34616470336914
30.586780548095703
30.498136520385742
30.494956970214844
30.612112045288086
30.631103515625
30.814729690551758
30.988855361938477
30.90654754638672
30.98253631591797
31.074344635009766
30.941373825073242
30.9793643951416
30.61844825744629
30.6817626953125
30.589941024780273
30.64060401916504
30.665935516357422
30.43480682373047
30.31450080871582
29.887094497680664
30.222684860229492
30.498136520385742
30.380990982055664
30.1340389251709
30.016902923583984
29.966236114501953
30.282846450805664
30.333499908447266
30.840070724487305
31.011018753051758
31.083837509155273
31.321298599243164
31.343448638916016
31.555564880371094
31.68539047241211
31.694869995117188
31.573537826538086
31.5671329498291
31.292518615722656
31.266963958740234
31.321252822875977
31.31486701965332
31.196701049804688
31.231834411621094
31.065773010253906
31.167964935302734
31.235027313232422
31.330825805664062
31.53839874267578
31.586305618286133
31.69169044494629
31.557567596435547
31.330825805664062
30.976364135742188
31.024267196655273
30.797529220581055
31.03064727783203
30.75919532775879
30.58676528930664
30.41431999206543
30.567598342895508
31.05939483642578
31.027450561523438
31.046611785888672
30.99552345275879
31.104093551635742
31.282934188842773
31.47452735900879
31.455373764038086
31.627826690673828
31.832185745239258
31.710851669311523
31.576717376708984
31.551176071166992
31.563947677612305
31.78109359741211
32.036582946777344
31.88968849182129
31.97270393371582
32.15793228149414
32.113224029541016
32.234580993652344
32.57308578491211
32.917972564697266
33.052101135253906
32.873260498046875
32.719974517822266
32.86688232421875
33.04570770263672
32.94990921020508
33.08402633666992
32.917972564697266
33.02016067504883
33.03292465209961
32.94352340698242
32.82216262817383
32.873260498046875
33.10319137573242
33.26432800292969
33.25788497924805
33.251434326171875
33.1805305480957
33.096736907958984
33.296539306640625
33.386783599853516
32.87116241455078
32.89694595336914
32.98717498779297
33.01940155029297
33.29010009765625
33.3738899230957
33.386783599853516
33.41257858276367
33.28366470336914
33.3674430847168
33.35456848144531
33.40612030029297
33.58014678955078
33.9861946105957
33.689727783203125
33.7606086730957
33.65749740600586
33.45123291015625
33.586570739746094
33.67683029174805
33.63170623779297
33.63814926147461
33.734832763671875
33.709049224853516
33.425453186035156
33.26432800292969
33.23209762573242
33.45123291015625
34.32136917114258
34.411582946777344
34.55338668823242
34.75963592529297
34.72740936279297
34.54694747924805
34.65006637573242
34.798309326171875
35.03034210205078
35.255924224853516
35.14635467529297
35.365501403808594
35.60397720336914
35.44284439086914
35.21725082397461
35.043235778808594
34.9207649230957
35.0174560546875
35.185035705566406
35.35260772705078
35.26881408691406
35.32038116455078
35.19791793823242
34.99167251586914
34.95298767089844
34.99811553955078
35.333274841308594
35.404170989990234
35.487953186035156
35.52663803100586
35.6297607421875
35.78577423095703
35.74677276611328
35.94828414916992
35.86377716064453
35.78577423095703
35.90279006958008
35.91578674316406
36.09130096435547
36.00680160522461
36.07179260253906
36.0392951965332
36.18881607055664
36.240814208984375
36.370826721191406
36.7413444519043
36.92337417602539
36.96236801147461
37.248409271240234
37.06638717651367
36.7413444519043
36.55934143066406
36.67636489868164
36.364322662353516
36.136810302734375
36.71535873413086
36.819366455078125
36.72186279296875
36.98838424682617
36.82586669921875
37.02738952636719
37.1963996887207
37.41091537475586
37.63844299316406
37.48892593383789
37.58643341064453
37.430419921875
37.58643341064453
37.300411224365234
37.215911865234375
37.248409271240234
37.52143859863281
37.56043243408203
37.365413665771484
37.339420318603516
37.3524169921875
37.46292495727539
37.43692398071289
37.55392837524414
37.443424224853516
37.358917236328125
37.280921936035156
37.417415618896484
36.76736831665039
36.9168815612793
36.9688835144043
36.67636489868164
35.655757904052734
36.00680160522461
35.694759368896484
35.92878341674805
35.62063217163086
35.38461685180664
35.49607467651367
35.43705749511719
35.18136215209961
35.48295974731445
35.49607467651367
34.90599822998047
34.4732780456543
33.594722747802734
34.13890075683594
35.05678939819336
35.187931060791016
35.56818389892578
35.253475189208984
35.679649353027344
35.587852478027344
35.5354118347168
35.90911865234375
35.6468620300293
35.89601135253906
36.36806106567383
36.32871627807617
36.42050552368164
36.70243453979492
36.63687515258789
36.58442306518555
36.93846893310547
37.01058578491211
37.371177673339844
37.40396499633789
37.410518646240234
37.5219841003418
37.3646240234375
37.35805892944336
37.4760856628418
37.29250717163086
37.22038269042969
37.2335090637207
37.42363739013672
37.69900131225586
37.77767562866211
37.41707992553711
37.24661636352539
37.31217956542969
35.42394256591797
35.56818389892578
34.56507110595703
34.584739685058594
34.39460372924805
34.42082595825195
34.03398895263672
34.178245544433594
34.433937072753906
34.814212799072266
34.98467254638672
35.4042854309082
35.6927490234375
36.164817810058594
36.28281784057617
36.51884460449219
36.348392486572266
36.394287109375
36.513309478759766
35.666927337646484
35.085044860839844
34.9726448059082
35.197452545166016
34.77426528930664
34.44364929199219
34.351078033447266
33.418739318847656
33.015384674072266
33.20052719116211
33.418739318847656
33.346012115478516
33.689849853515625
34.2783317565918
34.661861419677734
34.68168640136719
34.536216735839844
33.84854507446289
34.14609909057617
33.45840072631836
33.94112014770508
34.906517028808594
34.74781036376953
35.481781005859375
35.8785285949707
36.050445556640625
36.07689666748047
36.36783981323242
36.698448181152344
36.698448181152344
36.738128662109375
36.123172760009766
36.00415802001953
35.680152893066406
35.402435302734375
35.223915100097656
35.66032791137695
36.01738739013672
36.23558807373047
36.10995101928711
35.81901550292969
35.81239700317383
35.78596878051758
35.90496826171875
35.85207748413086
35.17761993408203
35.39583206176758
35.640480041503906
35.422279357910156
35.67354202270508
35.78596878051758
35.706607818603516
35.46856689453125
35.82562255859375
35.78596878051758
36.00415802001953
35.65369415283203
35.46856689453125
35.164398193359375
35.24374008178711
35.845462799072266
36.09012222290039
36.130165100097656
36.11014175415039
36.40384292602539
36.47725296020508
36.87773895263672
36.904422760009766
36.95783233642578
36.9444694519043
37.31159210205078
37.398372650146484
37.211463928222656
37.47846221923828
37.371673583984375
37.30491256713867
37.40504455566406
37.46511459350586
37.49180221557617
37.45842742919922
37.43173599243164
37.17808532714844
37.35165023803711
37.451759338378906
37.1380500793457
36.871063232421875
36.89108657836914
37.104679107666016
37.12470626831055
36.95783233642578
36.937808990478516
37.031246185302734
36.95116424560547
37.43840789794922
37.29823684692383
37.46511459350586
37.49848556518555
37.63865280151367
37.17142105102539
37.364986419677734
36.95783233642578
36.14351272583008
36.17688751220703
36.28369140625
36.64412307739258
36.330413818359375
36.27701187133789
35.71634292602539
36.337093353271484
36.40384292602539
36.423851013183594
36.05007553100586
36.19023895263672
36.25031280517578
35.949954986572266
35.803104400634766
35.47604751586914
35.803104400634766
36.13684844970703
36.230289459228516
36.17688751220703
36.27034378051758
35.42265319824219
35.402626037597656
35.44267654418945
35.76973342895508
35.52944564819336
35.65749740600586
35.19248580932617
34.909427642822266
35.28683090209961
35.30030822753906
35.15205001831055
35.522708892822266
35.92033004760742
35.738365173339844
35.51597595214844
35.354225158691406
35.253143310546875
35.16551971435547
34.94986343383789
34.36355209350586
34.48486328125
35.47553634643555
35.495758056640625
35.56313705444336
35.59011459350586
35.88663101196289
35.59011459350586
35.32727813720703
35.88663101196289
35.691192626953125
35.441837310791016
35.07792282104492
34.963348388671875
34.88247299194336
35.253143310546875
34.997039794921875
34.309635162353516
33.88505935668945
33.035911560058594
33.9322395324707
34.909427642822266
35.44856643676758
35.65749740600586
35.367706298828125
34.51856231689453
34.62638854980469
34.90269470214844
34.44443130493164
35.05095291137695
35.00379943847656
35.111610412597656
34.92292022705078
34.828556060791016
35.09813690185547
35.81249237060547
35.47553634643555
34.8150749206543
35.44856643676758
34.707252502441406
34.498329162597656
34.383766174316406
34.78139114379883
34.44443130493164
34.66007995605469
35.44856643676758
35.54292297363281
35.12782669067383
35.69263458251953
35.896785736083984
36.40717697143555
36.441200256347656
36.10093688964844
36.046504974365234
35.63819122314453
35.50209426879883
35.62458801269531
35.964839935302734
36.18259811401367
36.2098274230957
36.815467834472656
37.0128173828125
36.89033508300781
37.33946990966797
37.686527252197266
37.54361343383789
36.5296630859375
36.86311340332031
36.82228088378906
36.85630416870117
36.78825759887695
37.18294906616211
37.046844482421875
37.36668014526367
37.23738479614258
36.7746467590332
36.31869888305664
36.713409423828125
36.94477462768555
37.08087158203125
37.169334411621094
37.14212417602539
37.087677001953125
37.0400390625
36.97199249267578
37.053646087646484
37.074073791503906
37.114898681640625
37.604862213134766
37.46196746826172
36.95157241821289
37.27141571044922
36.7746467590332
36.16899108886719
36.597713470458984
36.73381423950195
36.27107238769531
36.23704528808594
36.69297790527344
37.4211311340332
37.359886169433594
37.22377014160156
37.29182434082031
37.155731201171875
37.33946990966797
37.44834899902344
37.65250015258789
37.43473815917969
36.9107551574707
36.556884765625
36.413978576660156
35.8505973815918
35.06047058105469
35.07421875
35.30781173706055
36.001747131347656
35.383392333984375
35.239105224609375
33.974937438964844
33.92683410644531
34.55205154418945
33.94743347167969
34.47647476196289
35.507057189941406
34.47647476196289
34.950538635253906
35.53453063964844
36.24220275878906
36.51704025268555
35.91242599487305
35.62386703491211
35.66508865356445
36.159767150878906
36.001747131347656
35.3902587890625
34.54518127441406
34.14668655395508
33.67949295043945
34.909324645996094
35.644474029541016
36.1391487121582
36.1391487121582
36.01548385620117
35.88494110107422
35.8505973815918
35.19788360595703
35.67195129394531
35.87119674682617
36.0223503112793
36.64756774902344
36.53763961791992
36.73688507080078
36.87430191040039
37.272789001464844
37.5476188659668
37.705650329589844
37.5201301574707
37.891143798828125
37.80870056152344
38.05603790283203
38.07665252685547
38.47514343261719
38.049171447753906
38.25529479980469
38.02855682373047
38.15908432006836
38.00107192993164
38.289642333984375
38.31025695800781
38.660648345947266
38.51636505126953
38.543853759765625
38.57133102416992
38.43392562866211
38.11472702026367
37.58043670654297
37.795562744140625
37.753929138183594
38.142486572265625
38.322898864746094
38.6837158203125
38.53799819946289
38.37146759033203
38.79472732543945
39.13473892211914
39.03064727783203
38.989017486572266
38.62820053100586
38.558815002441406
38.662899017333984
38.579627990722656
38.753108978271484
38.65596008300781
38.787784576416016
38.69758987426758
38.60739517211914
38.54494094848633
38.406166076660156
38.80860900878906
38.891883850097656
39.002899169921875
38.91962432861328
38.98207092285156
38.94045639038086
39.23881530761719
39.044532775878906
39.20412063598633
39.55105972290039
39.81473159790039
39.87024688720703
40.01597213745117
39.981266021728516
39.62739181518555
39.80085372924805
39.953514099121094
39.72453308105469
39.80085372924805
40.078399658203125
39.96739196777344
39.689842224121094
39.3845329284668
39.245758056640625
38.760040283203125
38.579627990722656
38.704524993896484
38.64902114868164
38.787784576416016
39.10004425048828
38.97514343261719
39.31514358520508
38.329830169677734
37.823307037353516
38.385345458984375
38.53799819946289
38.49637222290039
38.94739532470703
38.85718536376953
38.42271423339844
38.43671798706055
38.61893081665039
38.91324996948242
39.445823669433594
39.564964294433594
39.54393005371094
39.69809341430664
39.64203643798828
39.74715042114258
39.97139358520508
39.887298583984375
40.020450592041016
40.06249237060547
40.16059112548828
39.9924201965332
39.943363189697266
39.86627960205078
39.37575149536133
39.361724853515625
39.31968307495117
39.8592643737793
39.97139358520508
40.16059112548828
40.0975341796875
40.13956832885742
40.06249237060547
40.05550003051758
39.88029861450195
39.93635940551758
39.761165618896484
39.789188385009766
39.873291015625
40.0484733581543
40.33578872680664
40.29374313354492
40.14658737182617
40.68616485595703
41.13466262817383
41.00852584838867
41.11363220214844
41.183712005615234
41.13466262817383
40.980491638183594
40.77025604248047
40.69316864013672
40.623104095458984
40.17462158203125
39.93635940551758
40.328792572021484
40.06949996948242
40.13956832885742
40.36381912231445
40.560028076171875
40.81231689453125
40.756248474121094
40.517982482910156
40.5810546875
40.87538146972656
40.84033203125
40.81231689453125
40.84033203125
40.93844223022461
41.157752990722656
41.14360046386719
41.22141647338867
40.97381591796875
40.97381591796875
41.193119049072266
41.23556900024414
41.36996841430664
41.68831253051758
41.80149841308594
41.99957275390625
42.44525146484375
42.558441162109375
42.671630859375
42.89094161987305
42.97581100463867
42.81310272216797
43.05363464355469
42.997032165527344
42.74236297607422
42.714073181152344
42.24009704589844
42.707008361816406
42.820194244384766
42.841407775878906
43.78226852416992
43.61956024169922
44.510921478271484
44.1430778503418
44.1430778503418
44.390663146972656
44.75851821899414
44.79389190673828
44.984893798828125
45.23956298828125
45.36690139770508
45.50130081176758
45.22541809082031
45.33860397338867
44.97074890136719
44.61703109741211
44.79389190673828
44.991966247558594
45.26078414916992
45.67108154296875
46.10261535644531
46.5129280090332
46.300697326660156
46.72514343261719
46.52708053588867
47.050567626953125
47.00104522705078
47.19205093383789
47.375980377197266
47.36183166503906
47.55990219116211
47.44672393798828
47.46794128417969
47.22034454345703
46.84539794921875
47.33353042602539
47.85701370239258
47.9702033996582
48.03440475463867
47.813289642333984
47.856101989746094
48.03440475463867
47.856101989746094
47.856101989746094
47.78477096557617
47.33544921875
47.55654525756836
47.506622314453125
48.10572052001953
48.020137786865234
48.212703704833984
48.497982025146484
48.74760818481445
48.61209487915039
48.43380355834961
48.07719421386719
48.07719421386719
47.89175796508789
48.134246826171875
48.07719421386719
48.20556640625
48.305423736572266
48.63349151611328
48.69054412841797
48.804664611816406
48.88310623168945
49.325286865234375
49.40374755859375
49.52500534057617
49.788875579833984
50.2809944152832
50.059898376464844
49.396629333496094
49.14699935913086
48.82605743408203
49.567779541015625
49.19692611694336
49.65338134765625
50.13835525512695
49.96718215942383
50.03851318359375
49.83881759643555
47.07157897949219
47.75624465942383
47.3497200012207
47.0359001159668
47.29979705810547
47.10722732543945
46.786293029785156
46.24424743652344
46.15865707397461
46.636512756347656
46.486751556396484
46.451072692871094
47.000244140625
47.16427993774414
47.22846221923828
47.506622314453125
47.77763366699219
47.97021484375
47.67778778076172
47.7425651550293
47.670597076416016
47.80014419555664
47.6130256652832
47.188419342041016
46.68465805053711
47.64181137084961
47.44750213623047
47.38273239135742
47.52666091918945
47.231605529785156
47.987247467041016
48.0736198425293
47.33236312866211
46.180885314941406
46.22407913208008
46.25284957885742
45.84264373779297
45.67713165283203
45.54758071899414
46.12331008911133
46.152095794677734
45.78506851196289
45.9793815612793
45.641143798828125
45.41084671020508
45.821067810058594
45.43244552612305
44.80633544921875
45.000640869140625
45.3748664855957
45.74909591674805
45.367671966552734
46.06574630737305
46.238460540771484
46.245670318603516
46.37520217895508
46.346412658691406
46.562320709228516
46.66306686401367
46.483150482177734
46.188087463378906
46.267250061035156
46.821388244628906
47.274784088134766
46.97972869873047
46.91494369506836
46.569515228271484
46.77102279663086
46.81420135498047
47.1092529296875
46.85737609863281
46.77821731567383
46.97972869873047
46.972530364990234
46.92934036254883
46.9653205871582
47.274784088134766
47.116455078125
47.03009796142578
47.116455078125
47.37553787231445
47.317420959472656
47.29564666748047
47.43363571166992
47.31017303466797
47.32469940185547
47.41184616088867
47.33195114135742
47.10680389404297
47.27385711669922
47.36101150512695
47.55710983276367
47.462684631347656
47.22300720214844
47.201229095458984
46.92523956298828
46.64925765991211
46.53304672241211
46.67829895019531
46.61293411254883
46.82356262207031
46.49673080444336
46.620201110839844
46.82356262207031
46.80903244018555
46.33694076538086
46.16263961791992
46.53304672241211
46.61293411254883
46.44588851928711
46.28611373901367
46.28611373901367
46.77998733520508
46.68556213378906
46.85261154174805
47.041446685791016
47.0777587890625
46.961551666259766
46.997867584228516
47.1358642578125
48.70463180541992
49.024200439453125
48.61748504638672
48.34148025512695
48.12360763549805
48.0291862487793
48.22529220581055
48.42864990234375
48.71189880371094
48.857147216796875
48.98788833618164
49.01693344116211
49.31471252441406
49.779541015625
50.120880126953125
50.208045959472656
50.54939651489258
50.389610290527344
51.0505256652832
50.992427825927734
51.0214729309082
51.74050521850586
52.05280685424805
51.85670852661133
51.76882553100586
51.56373596191406
52.047142028808594
52.083763122558594
51.99586868286133
52.06180953979492
52.01783752441406
52.15700149536133
52.33279037475586
52.70633316040039
52.49393081665039
52.362091064453125
52.66238021850586
52.83818054199219
53.05059051513672
53.29959487915039
53.35088348388672
53.717098236083984
53.58527755737305
53.77568054199219
53.673160552978516
53.64387130737305
53.81231689453125
53.680484771728516
53.453433990478516
53.24833679199219
53.32890701293945
53.387516021728516
53.387516021728516
53.629215240478516
53.870914459228516
54.06866455078125
54.390953063964844
54.57405471801758
54.28109359741211
54.19320297241211
54.28109359741211
54.456871032714844
54.969573974609375
53.64387130737305
53.702457427978516
53.761043548583984
53.05059051513672
53.03594207763672
53.182430267333984
53.35820770263672
53.20439529418945
53.27764892578125
53.00664138793945
52.51591110229492
52.611114501953125
53.09453201293945
53.11649703979492
53.087215423583984
53.35820770263672
53.460750579833984
53.724430084228516
53.761043548583984
53.944175720214844
