6.172667026519775
6.322667121887207
6.357999801635742
6.489999771118164
6.802667140960693
6.670000076293945
6.297999858856201
6.51533317565918
6.545332908630371
6.686666965484619
6.813333034515381
6.892666816711426
6.97866678237915
6.710000038146973
6.636666774749756
6.765999794006348
6.826666831970215
7.047999858856201
7.283332824707031
7.157332897186279
7.811999797821045
7.8546671867370605
7.682666778564453
8.005999565124512
8.107333183288574
8.229999542236328
8.15133285522461
8.37399959564209
8.65999984741211
8.484000205993652
7.269999980926514
8.016667366027832
7.935332775115967
7.97866678237915
8.161999702453613
8.182666778564453
8.113332748413086
8.271332740783691
8.62600040435791
8.974666595458984
8.78266716003418
8.95199966430664
9.036666870117188
9.199999809265137
9.645333290100098
9.476667404174805
8.9486665725708
10.232000350952148
10.199999809265137
9.825332641601562
9.695332527160645
9.290666580200195
9.311332702636719
9.466667175292969
9.65999984741211
9.972000122070312
9.857333183288574
10.473333358764648
10.78933334350586
10.947999954223633
11.133999824523926
11.096667289733887
11.070667266845703
11.266667366027832
11.262666702270508
11.374667167663574
11.328666687011719
11.131333351135254
10.713333129882812
11.091333389282227
10.90133285522461
10.995332717895508
11.03600025177002
11.10533332824707
11.081999778747559
11.08133316040039
11.861332893371582
12.22599983215332
12.074000358581543
12.155332565307617
12.349332809448242
12.576000213623047
12.726667404174805
12.891332626342773
12.866666793823242
12.063332557678223
11.553999900817871
12.065333366394043
12.204667091369629
11.648667335510254
11.251999855041504
11.528667449951172
11.91333293914795
11.981332778930664
12.262666702270508
12.237333297729492
12.186667442321777
12.226667404174805
11.506667137145996
11.435999870300293
10.966667175292969
11.543333053588867
11.310667037963867
10.857333183288574
10.964667320251465
10.614666938781738
10.662667274475098
10.811332702636719
11.680000305175781
11.787332534790039
10.077333450317383
9.317999839782715
9.196666717529297
9.646666526794434
9.186667442321777
9.24666690826416
9.173333168029785
9.029999732971191
8.10533332824707
8.406000137329102
8.074000358581543
8.140000343322754
8.092000007629395
8.055999755859375
8.033332824707031
8.462667465209961
8.485333442687988
8.277999877929688
9.646666526794434
9.263333320617676
9.36533260345459
9.157333374023438
9.4399995803833
9.47933292388916
9.3100004196167
9.83133316040039
9.84333324432373
9.862667083740234
10.163999557495117
9.86533260345459
9.381333351135254
9.549332618713379
9.569999694824219
10.093999862670898
10.366666793823242
10.074666976928711
10.162667274475098
10.028667449951172
10.006667137145996
9.970666885375977
9.800000190734863
9.957332611083984
10.085332870483398
9.835332870483398
9.714667320251465
9.28933334350586
10.751333236694336
10.942000389099121
11.39799976348877
11.333999633789062
11.778667449951172
11.904000282287598
12.100000381469727
11.640000343322754
11.307999610900879
11.892000198364258
11.682000160217285
12.189332962036133
12.093999862670898
11.807332992553711
11.915332794189453
11.628000259399414
11.892000198364258
12.435333251953125
13.104000091552734
13.107999801635742
13.021332740783691
13.308667182922363
13.215332984924316
13.579999923706055
12.909333229064941
13.998000144958496
13.973333358764648
14.510000228881836
16.53333282470703
16.866666793823242
16.836000442504883
16.320667266845703
16.70400047302246
16.98933219909668
16.8439998626709
16.862667083740234
16.413999557495117
15.922666549682617
15.62733268737793
16.099332809448242
15.852666854858398
15.39799976348877
15.59866714477539
16.002666473388672
15.72266674041748
15.660667419433594
15.259332656860352
14.678000450134277
14.696000099182129
14.197333335876465
13.821332931518555
14.157999992370605
13.896666526794434
14.464667320251465
15.352666854858398
15.026666641235352
14.148667335510254
13.834667205810547
14.36400032043457
14.461999893188477
13.612667083740234
13.585332870483398
13.206000328063965
12.927332878112793
13.27400016784668
13.208000183105469
13.625332832336426
14.576000213623047
13.866000175476074
13.857333183288574
13.323332786560059
13.234000205993652
13.79466724395752
13.859333038330078
13.84866714477539
14.060667037963867
14.440667152404785
13.8186674118042
13.423333168029785
11.906000137329102
12.150667190551758
12.311332702636719
12.677332878112793
12.708000183105469
12.572667121887207
12.77066707611084
13.072667121887207
13.020000457763672
13.296667098999023
13.658666610717773
13.819999694824219
14.104000091552734
14.015999794006348
14.015999794006348
13.851332664489746
13.646666526794434
13.662667274475098
13.599332809448242
13.793333053588867
13.878000259399414
13.687333106994629
13.486666679382324
13.631333351135254
13.567999839782715
13.761333465576172
14.973999977111816
15.444666862487793
15.141332626342773
15.185999870300293
15.305999755859375
15.814666748046875
15.5
15.792667388916016
15.706666946411133
15.937333106994629
16.003999710083008
15.981332778930664
15.295332908630371
15.283332824707031
14.843999862670898
14.604666709899902
14.870667457580566
14.630666732788086
14.541999816894531
15.113332748413086
14.638667106628418
14.477333068847656
14.359999656677246
14.668000221252441
14.702667236328125
14.638667106628418
14.832667350769043
14.902667045593262
14.904666900634766
14.98799991607666
15.000666618347168
15.261333465576172
14.886667251586914
15.5513334274292
15.90133285522461
15.899333000183105
16.595333099365234
16.826000213623047
16.54199981689453
17.288000106811523
17.33066749572754
17.354000091552734
17.42533302307129
17.46733283996582
17.32933235168457
17.117332458496094
17.047332763671875
16.95599937438965
17.118667602539062
17.503332138061523
17.44933319091797
17.549999237060547
17.590667724609375
17.979999542236328
18.941333770751953
18.746000289916992
19.069332122802734
18.492666244506836
18.80733299255371
18.565332412719727
18.739999771118164
18.687332153320312
18.613332748413086
16.923999786376953
17.382667541503906
17.42533302307129
17.58799934387207
17.288000106811523
16.66866683959961
16.694000244140625
16.80933380126953
16.463333129882812
16.440000534057617
16.35066795349121
16.178667068481445
16.016000747680664
16.761333465576172
17.013999938964844
17.374666213989258
17.30466651916504
17.28533363342285
17.134000778198242
15.793999671936035
14.97266674041748
15.137332916259766
15.313332557678223
15.09000015258789
15.165332794189453
15.364666938781738
15.689332962036133
15.40666675567627
15.685999870300293
15.682666778564453
14.777999877929688
16.184667587280273
15.873332977294922
15.910667419433594
16.113332748413086
16.172666549682617
15.928667068481445
15.39799976348877
16.08133316040039
16.01333236694336
16.1286678314209
16.738666534423828
16.606666564941406
16.780000686645508
17.245332717895508
16.93199920654297
17.18000030517578
16.516000747680664
16.58066749572754
16.185333251953125
16.447999954223633
16.53933334350586
16.562667846679688
16.301332473754883
15.442667007446289
15.428667068481445
15.286666870117188
15.218667030334473
14.913999557495117
14.290666580200195
14.459333419799805
13.989333152770996
13.925333023071289
13.800000190734863
13.602666854858398
13.187333106994629
13.721332550048828
14.550666809082031
14.619333267211914
14.84000015258789
14.731332778930664
14.817333221435547
15.187999725341797
15.047332763671875
14.815333366394043
14.827333450317383
14.620667457580566
14.005999565124512
14.085332870483398
14.063332557678223
14.041333198547363
13.77733325958252
13.480667114257812
13.616666793823242
12.845999717712402
12.791333198547363
12.871333122253418
12.795332908630371
13.104666709899902
13.441332817077637
13.419333457946777
13.770000457763672
13.732000350952148
13.291333198547363
13.680000305175781
13.573332786560059
14.062666893005371
14.557332992553711
14.569999694824219
14.732666969299316
14.490667343139648
14.498666763305664
14.419333457946777
14.186667442321777
13.525333404541016
13.584667205810547
13.623332977294922
13.630666732788086
14.11400032043457
14.473999977111816
13.822667121887207
13.607333183288574
13.583999633789062
13.812666893005371
13.555999755859375
13.155332565307617
13.303999900817871
13.496000289916992
13.375332832336426
12.925333023071289
12.725333213806152
12.687999725341797
12.916000366210938
12.73799991607666
12.578666687011719
13.046667098999023
12.982000350952148
13.380666732788086
13.043333053588867
13.20533275604248
13.308667182922363
13.447999954223633
12.953332901000977
12.694000244140625
12.333333015441895
12.704667091369629
12.584667205810547
12.505999565124512
12.733332633972168
13.539999961853027
13.550000190734863
13.844667434692383
14.005999565124512
14.0600004196167
13.985333442687988
13.830666542053223
13.85533332824707
13.779999732971191
13.78600025177002
13.684666633605957
13.96066665649414
14.629332542419434
14.573332786560059
14.562000274658203
15.436667442321777
15.36533260345459
15.49666690826416
15.069999694824219
15.0686674118042
15.36733341217041
15.529999732971191
15.362000465393066
15.786666870117188
15.77400016784668
15.965999603271484
16.31599998474121
16.211999893188477
16.273332595825195
16.589332580566406
16.583332061767578
16.47599983215332
16.290000915527344
16.374666213989258
16.51533317565918
16.497333526611328
16.495332717895508
16.76333236694336
16.719999313354492
16.6299991607666
16.55666732788086
16.599332809448242
16.39466667175293
16.609333038330078
17.086000442504883
17.066667556762695
16.713333129882812
16.76066780090332
16.71266746520996
16.691999435424805
16.874666213989258
17.360666275024414
17.459333419799805
17.500667572021484
17.319332122802734
17.844667434692383
17.67799949645996
17.91933250427246
17.805999755859375
17.468000411987305
17.884000778198242
17.94333267211914
18.667999267578125
18.648000717163086
17.858667373657227
16.997333526611328
17.19466781616211
17.27666664123535
17.477333068847656
17.709999084472656
17.542667388916016
17.778667449951172
18.310667037963867
18.817333221435547
17.784666061401367
17.857999801635742
17.81333351135254
17.694000244140625
16.867332458496094
17.654666900634766
17.58799934387207
17.785999298095703
17.74333381652832
17.332666397094727
17.75200080871582
18.0086669921875
16.408666610717773
16.167333602905273
16.076000213623047
15.824666976928711
15.878000259399414
16.167333602905273
16.209999084472656
16.999332427978516
17.381332397460938
17.016666412353516
16.14533233642578
15.38466739654541
14.591333389282227
14.66866683959961
14.989333152770996
16.19933319091797
16.565332412719727
16.604000091552734
15.908666610717773
16.512666702270508
16.3713321685791
16.1286678314209
16.544666290283203
16.5939998626709
16.565332412719727
16.682666778564453
16.87933349609375
16.904666900634766
17.483333587646484
17.471332550048828
17.374666213989258
17.613332748413086
17.395999908447266
17.40399932861328
17.541332244873047
17.12733268737793
16.562000274658203
16.44333267211914
16.559999465942383
15.991999626159668
16.504667282104492
16.40999984741211
16.097333908081055
15.46399974822998
15.114666938781738
14.712667465209961
14.371999740600586
14.616666793823242
14.458666801452637
14.753999710083008
15.133999824523926
15.206666946411133
14.20199966430664
14.005999565124512
14.114666938781738
13.939332962036133
14.350666999816895
14.023332595825195
14.197333335876465
14.108667373657227
13.795332908630371
14.252667427062988
13.890000343322754
15.442000389099121
15.451333045959473
15.490667343139648
15.022000312805176
14.433333396911621
14.60533332824707
14.196000099182129
13.812666893005371
14.287332534790039
14.266667366027832
14.73799991607666
14.786666870117188
14.667332649230957
14.516667366027832
14.550000190734863
15.309332847595215
15.440667152404785
15.350666999816895
15.812666893005371
15.465999603271484
15.513999938964844
15.358667373657227
15.408666610717773
15.114666938781738
14.968000411987305
15.137999534606934
14.468000411987305
14.571999549865723
14.739333152770996
15.633999824523926
15.559332847595215
15.36400032043457
15.503999710083008
15.329999923706055
15.313332557678223
15.371333122253418
15.263333320617676
15.812666893005371
15.87266731262207
16.000667572021484
14.894000053405762
14.895333290100098
14.602666854858398
14.376667022705078
14.066666603088379
13.856666564941406
13.998000144958496
13.354000091552734
13.745332717895508
13.666000366210938
13.64799976348877
13.24666690826416
13.33133316040039
13.50333309173584
13.092000007629395
12.904000282287598
12.538000106811523
12.646666526794434
12.74666690826416
13.129332542419434
12.185333251953125
11.565333366394043
11.688667297363281
10.84000015258789
9.866000175476074
9.883333206176758
9.57800006866455
10.031332969665527
10.06933307647705
10.344667434692383
11.245332717895508
11.118000030517578
11.10533332824707
11.849332809448242
11.814000129699707
11.933333396911621
12.495332717895508
12.689332962036133
12.795332908630371
12.423333168029785
12.555999755859375
13.049332618713379
13.402667045593262
13.685999870300293
13.506667137145996
13.914667129516602
13.678667068481445
13.833333015441895
14.34333324432373
14.555999755859375
14.795332908630371
15.092000007629395
15.515999794006348
15.887999534606934
15.616000175476074
14.838666915893555
15.183333396911621
15.350666999816895
15.342000007629395
15.12600040435791
15.317999839782715
15.839332580566406
16.465999603271484
17.031333923339844
17.69466781616211
17.14666748046875
16.67133331298828
16.661333084106445
16.521333694458008
16.968666076660156
16.790666580200195
16.96733283996582
16.92533302307129
16.4913330078125
16.6646671295166
16.55266761779785
16.916667938232422
16.788000106811523
16.916000366210938
16.764667510986328
16.513999938964844
16.05066680908203
16.1200008392334
15.48799991607666
14.837332725524902
14.10200023651123
14.328666687011719
13.928000450134277
13.912667274475098
13.93066692352295
13.8186674118042
13.840666770935059
13.88599967956543
13.644000053405762
14.07800006866455
14.347332954406738
14.685333251953125
14.414667129516602
14.52733325958252
14.638667106628418
15.008000373840332
14.869333267211914
14.881999969482422
14.637332916259766
14.597332954406738
14.599332809448242
14.711999893188477
15.489333152770996
15.701333045959473
15.290666580200195
14.586000442504883
14.524666786193848
14.330666542053223
14.513333320617676
14.528667449951172
14.364666938781738
14.646666526794434
14.640666961669922
13.11066722869873
13.09333324432373
12.876667022705078
13.236666679382324
13.452667236328125
14.012666702270508
14.152000427246094
14.433333396911621
14.26533317565918
14.295999526977539
14.395999908447266
14.45199966430664
14.985333442687988
14.976667404174805
14.835332870483398
14.768667221069336
14.69333267211914
15.083333015441895
15.017333030700684
15.223999977111816
14.699999809265137
14.817999839782715
15.333999633789062
15.300666809082031
15.232666969299316
15.37399959564209
15.652667045593262
15.333999633789062
15.146666526794434
15.052666664123535
15.37399959564209
15.335332870483398
15.077333450317383
15.272000312805176
15.043333053588867
14.994000434875488
15.040666580200195
15.03933334350586
14.907333374023438
14.88266658782959
14.900667190551758
15.0
14.862000465393066
14.989333152770996
14.841333389282227
14.730667114257812
14.666000366210938
14.346667289733887
14.089332580566406
14.133999824523926
13.38466739654541
13.185333251953125
13.522000312805176
13.447333335876465
13.157333374023438
12.964667320251465
13.220000267028809
13.069999694824219
13.093999862670898
13.361332893371582
13.69333267211914
13.755999565124512
13.642666816711426
13.6813325881958
13.76200008392334
13.829999923706055
13.932666778564453
13.720666885375977
13.751333236694336
13.380000114440918
13.60200023651123
14.24666690826416
14.093999862670898
13.897333145141602
13.399999618530273
13.107333183288574
13.396666526794434
13.34000015258789
13.434000015258789
13.349332809448242
13.100666999816895
12.93066692352295
13.273332595825195
13.570667266845703
13.273332595825195
13.339332580566406
13.517333030700684
13.489333152770996
13.482666969299316
13.600666999816895
13.33133316040039
13.182000160217285
12.719332695007324
12.534667015075684
12.494667053222656
12.704000473022461
12.880666732788086
12.996000289916992
12.670666694641113
12.356666564941406
12.570667266845703
12.096667289733887
12.251333236694336
12.26200008392334
12.577333450317383
12.334667205810547
12.3013334274292
12.744667053222656
12.87600040435791
13.109999656677246
13.074666976928711
12.637999534606934
12.626667022705078
12.125332832336426
12.097999572753906
12.453332901000977
12.390000343322754
12.876667022705078
12.81933307647705
12.812000274658203
12.828666687011719
13.210000038146973
13.246000289916992
13.17199993133545
13.499333381652832
13.51533317565918
13.919333457946777
13.846667289733887
13.896666526794434
14.22266674041748
14.635333061218262
14.649333000183105
14.312000274658203
14.246000289916992
14.465999603271484
15.13266658782959
15.116666793823242
15.267333030700684
15.41866683959961
15.324666976928711
15.315333366394043
15.305999755859375
15.850000381469727
15.70533275604248
15.890666961669922
16.250667572021484
16.315332412719727
16.594667434692383
16.974000930786133
16.96466636657715
16.833999633789062
16.863332748413086
16.708667755126953
16.795333862304688
16.615999221801758
16.770000457763672
16.755332946777344
17.184667587280273
17.165332794189453
17.472000122070312
17.946666717529297
17.948667526245117
18.706666946411133
18.73200035095215
18.650667190551758
17.93000030517578
18.148666381835938
18.492666244506836
18.233999252319336
17.06599998474121
17.133333206176758
16.415332794189453
16.666000366210938
16.667999267578125
16.698667526245117
16.771333694458008
16.747333526611328
16.57266616821289
16.45800018310547
16.32666778564453
16.246000289916992
16.411333084106445
17.200000762939453
17.048667907714844
17.469999313354492
17.433332443237305
17.461332321166992
16.711999893188477
17.000667572021484
16.985332489013672
17.54400062561035
18.014667510986328
18.496667861938477
18.492000579833984
18.527999877929688
18.553333282470703
19.90133285522461
20.246667861938477
19.666667938232422
19.913333892822266
20.16933250427246
20.826000213623047
20.58066749572754
19.78933334350586
20.266666412353516
20.09600067138672
20.016666412353516
20.368000030517578
20.167333602905273
20.373332977294922
20.53533363342285
20.91933250427246
20.67799949645996
20.575332641601562
20.937999725341797
21.52199935913086
21.25933265686035
20.73466682434082
19.69733238220215
20.55666732788086
20.479333877563477
21.417333602905273
21.681333541870117
21.540000915527344
21.65399932861328
21.058666229248047
21.134000778198242
20.407333374023438
20.87066650390625
20.722000122070312
20.690000534057617
20.257333755493164
20.681333541870117
21.121999740600586
21.676000595092773
22.34000015258789
22.733999252319336
22.691333770751953
22.656667709350586
23.154666900634766
23.523332595825195
23.976667404174805
24.666667938232422
23.821332931518555
23.93400001525879
25.06333351135254
25.37733268737793
25.022666931152344
24.760000228881836
24.65333366394043
24.81599998474121
25.093332290649414
25.507333755493164
25.56333351135254
25.166000366210938
24.158000946044922
24.749332427978516
24.049999237060547
24.107332229614258
23.507999420166016
21.805999755859375
20.588666915893555
20.881332397460938
21.06999969482422
21.814666748046875
21.968000411987305
21.560667037963867
21.851999282836914
21.30466651916504
21.882667541503906
21.68400001525879
21.994667053222656
21.893333435058594
22.834667205810547
22.639999389648438
22.92333221435547
22.297332763671875
22.33799934387207
21.564666748046875
21.30466651916504
21.72599983215332
23.139333724975586
23.79400062561035
23.67799949645996
24.347999572753906
24.235332489013672
23.69333267211914
23.857999801635742
24.253332138061523
24.155332565307617
24.194000244140625
23.461332321166992
23.163999557495117
22.52400016784668
22.75666618347168
23.51799964904785
23.528667449951172
23.203332901000977
23.04400062561035
23.157333374023438
23.545333862304688
23.726667404174805
23.69333267211914
23.305999755859375
22.968666076660156
23.374000549316406
22.893333435058594
24.246000289916992
24.183332443237305
24.415332794189453
25.176000595092773
25.320667266845703
25.666667938232422
25.00666618347168
24.92733383178711
24.43199920654297
23.4060001373291
22.999332427978516
23.016666412353516
22.731332778930664
22.639999389648438
22.739999771118164
22.768667221069336
23.209333419799805
23.667333602905273
23.68866729736328
23.79199981689453
22.862667083740234
23.70599937438965
23.639999389648438
23.711999893188477
23.704666137695312
23.373332977294922
23.71666717529297
23.976667404174805
23.45400047302246
23.00666618347168
22.468000411987305
22.48933219909668
21.722667694091797
21.744667053222656
21.391332626342773
21.338666915893555
22.101999282836914
21.405332565307617
19.950666427612305
20.4060001373291
20.185333251953125
20.40333366394043
20.292667388916016
20.19933319091797
20.19933319091797
21.02666664123535
20.579999923706055
20.753332138061523
20.833332061767578
21.003332138061523
20.582666397094727
21.187332153320312
20.84000015258789
21.036666870117188
21.12066650390625
21.170000076293945
20.502666473388672
20.59000015258789
20.435333251953125
20.34666633605957
20.246667861938477
20.884000778198242
20.749332427978516
21.0086669921875
21.92733383178711
22.735332489013672
22.601999282836914
22.525999069213867
22.89666748046875
22.591333389282227
22.073333740234375
21.93199920654297
22.110666275024414
21.68000030517578
21.152666091918945
20.775999069213867
21.02400016784668
20.75666618347168
