27.096227645874023
27.19645881652832
26.89576530456543
27.825702667236328
27.976057052612305
28.137527465820312
27.942630767822266
27.78671646118164
28.198793411254883
28.43824005126953
28.237768173217773
28.70551872253418
27.870250701904297
27.263277053833008
27.575115203857422
27.352373123168945
28.08741569519043
28.20992088317871
28.399250030517578
28.03173065185547
28.04286766052246
28.19321632385254
28.404821395874023
28.566299438476562
28.782867431640625
28.664751052856445
28.428491592407227
28.805368423461914
28.35536003112793
28.10225486755371
28.282251358032227
28.540985107421875
28.10787010192871
28.096616744995117
28.2766170501709
28.327241897583008
28.3384952545166
28.524106979370117
28.698503494262695
28.962862014770508
28.360990524291992
27.832252502441406
28.13037872314453
28.265371322631836
28.242874145507812
28.175378799438477
28.085371017456055
27.910999298095703
27.74225425720215
27.927871704101562
27.646629333496094
27.500375747680664
27.30350685119629
26.836631774902344
26.718503952026367
26.94913101196289
26.58913803100586
26.448518753051758
26.780391693115234
26.403505325317383
26.40913200378418
26.189773559570312
26.898508071899414
26.651010513305664
25.880403518676758
26.313508987426758
26.234758377075195
26.066022872924805
25.824148178100586
26.139142990112305
26.167264938354492
26.63413429260254
26.86475372314453
27.16850471496582
27.32037353515625
27.404748916625977
27.286619186401367
26.876005172729492
26.988508224487305
26.58913803100586
26.40913200378418
26.814132690429688
26.437257766723633
26.251636505126953
26.431638717651367
26.319143295288086
26.442882537841797
26.493507385253906
26.60038185119629
26.19649314880371
26.28182029724121
26.657278060913086
26.788114547729492
26.628835678100586
26.3500919342041
26.879127502441406
27.817766189575195
28.44922637939453
28.773466110229492
29.0920467376709
28.910009384155273
28.682451248168945
28.847415924072266
28.767780303955078
29.063600540161133
28.74502944946289
28.733654022216797
28.722278594970703
29.05790901184082
28.50041389465332
28.790546417236328
28.540237426757812
28.55729866027832
28.420780181884766
28.534543991088867
28.437847137451172
28.59712028503418
28.619873046875
28.87586784362793
28.88724708557129
28.671072006225586
28.65969467163086
28.56868553161621
28.44922637939453
28.471973419189453
28.403703689575195
28.22735595703125
28.022573471069336
28.21596908569336
28.08513641357422
27.823463439941406
28.147716522216797
28.19891357421875
27.903104782104492
27.58452606201172
27.37973976135254
27.214767456054688
27.45369529724121
27.055482864379883
27.573150634765625
27.550405502319336
27.35129737854004
27.635732650756836
27.863279342651367
27.977052688598633
27.97136116027832
27.959993362426758
27.95429801940918
27.87466049194336
27.54471206665039
27.698312759399414
28.045310974121094
27.890058517456055
27.315006256103516
27.45876121520996
27.04473114013672
27.073484420776367
27.757787704467773
27.90730857849121
27.803796768188477
27.430009841918945
27.21723747253418
27.52202796936035
27.389760971069336
27.42425537109375
27.2344913482666
27.42425537109375
27.389760971069336
27.61402702331543
26.688194274902344
26.923959732055664
26.849214553833008
26.843456268310547
26.918222427368164
26.97572135925293
27.148237228393555
27.2402400970459
27.20575523376465
26.745691299438477
26.440919876098633
26.757200241088867
27.671533584594727
27.182741165161133
26.58469009399414
26.619184494018555
26.653684616088867
27.315006256103516
27.361013412475586
27.20575523376465
27.54500961303711
27.24599838256836
27.2919979095459
27.113737106323242
27.04473114013672
26.854951858520508
26.65944480895996
26.469669342041016
26.498428344726562
26.630699157714844
26.854951858520508
26.65944480895996
27.148237228393555
26.97572135925293
27.033226013183594
27.153989791870117
27.033226013183594
27.42425537109375
27.268991470336914
27.35525894165039
27.45876121520996
27.499019622802734
27.671533584594727
27.625524520874023
27.671533584594727
28.03203582763672
27.89830207824707
27.601757049560547
27.369173049926758
27.4854679107666
27.28195571899414
27.38662338256836
27.677343368530273
27.89830207824707
27.863412857055664
27.5784969329834
26.909828186035156
26.712129592895508
27.09589958190918
27.194738388061523
27.171483993530273
27.45639991760254
27.398252487182617
27.555252075195312
27.601757049560547
27.968076705932617
28.194841384887695
28.189029693603516
28.002965927124023
27.822708129882812
27.915748596191406
27.886674880981445
28.532085418701172
28.578611373901367
28.287878036499023
28.59023666381836
28.753042221069336
28.921672821044922
28.851892471313477
28.921672821044922
28.9100284576416
29.049591064453125
29.1019229888916
28.66001319885254
28.578611373901367
28.654197692871094
28.735593795776367
28.822813034057617
28.793746948242188
28.706518173217773
28.51464080810547
28.596059799194336
28.671642303466797
28.613489151000977
28.735593795776367
28.764673233032227
28.71815299987793
28.915855407714844
28.654197692871094
28.729782104492188
28.613489151000977
28.677457809448242
28.45068359375
28.706518173217773
28.875150680541992
28.90422821044922
28.927474975585938
28.657127380371094
28.739408493041992
29.174318313598633
29.573972702026367
29.6973934173584
29.803176879882812
29.950109481811523
29.573972702026367
29.826688766479492
29.79730224609375
29.961872100830078
29.920724868774414
30.00300407409668
30.138172149658203
30.31449317932129
30.543704986572266
30.4202880859375
29.632741928100586
29.28598976135254
29.50931739807129
29.186080932617188
28.87457847595215
28.59248161315918
28.621870040893555
28.60423469543457
28.704147338867188
28.751163482666016
28.798175811767578
28.680639266967773
28.66888427734375
28.621870040893555
28.692394256591797
28.721776962280273
28.586597442626953
28.886341094970703
28.945110321044922
29.050893783569336
29.039152145385742
29.28011131286621
29.250730514526367
29.315378189086914
29.221345901489258
29.350637435913086
29.10967254638672
28.739408493041992
28.651256561279297
28.804052352905273
28.445554733276367
28.539587020874023
28.774681091308594
28.92159652709961
29.20370864868164
29.59160041809082
29.4916934967041
29.333005905151367
29.427034378051758
29.156696319580078
29.250730514526367
29.23897361755371
29.380014419555664
29.050893783569336
28.968629837036133
29.2154541015625
29.432918548583984
29.197837829589844
29.63760757446289
29.078968048095703
29.084918975830078
28.746170043945312
28.657018661499023
28.478721618652344
28.33016014099121
28.5678768157959
28.811542510986328
28.936336517333984
28.71050453186035
28.657018661499023
28.98388671875
29.37017822265625
29.69110107421875
29.61383819580078
29.655437469482422
29.86344337463379
29.9466495513916
29.91098976135254
29.916934967041016
29.881267547607422
30.22597312927246
30.142765045166016
30.077388763427734
30.202199935913086
30.428024291992188
30.606321334838867
30.546894073486328
30.439908981323242
30.006074905395508
29.827775955200195
29.83966827392578
29.417715072631836
29.3226261138916
29.738632202148438
30.065505981445312
29.732694625854492
29.185935974121094
28.995773315429688
28.989818572998047
28.888784408569336
29.061141967773438
27.88443374633789
27.44465446472168
27.551620483398438
27.08807373046875
26.992971420288086
27.05835723876953
27.599172592163086
27.96169662475586
27.943857192993164
28.23505973815918
28.33016014099121
28.33016014099121
28.44306182861328
28.258834838867188
28.128093719482422
27.80122947692871
27.908203125
27.67643165588379
27.95574378967285
27.775339126586914
28.370676040649414
28.118101119995117
28.310535430908203
28.370676040649414
28.244382858276367
28.32256507873535
28.85774803161621
28.97199821472168
29.01408576965332
28.743478775024414
28.35262107849121
28.238372802734375
27.871562957763672
27.6911678314209
27.72723960876465
27.486717224121094
28.250398635864258
28.761531829833984
28.743478775024414
28.779565811157227
29.663522720336914
29.519203186035156
29.771757125854492
29.9521541595459
29.777767181396484
29.6514949798584
29.57332992553711
29.42900276184082
29.41095733642578
29.447040557861328
29.3267765045166
29.597373962402344
29.585344314575195
29.687570571899414
29.735673904418945
29.747699737548828
29.795812606811523
29.50718879699707
29.4169864654541
29.038137435913086
29.002050399780273
28.569093704223633
28.67133140563965
29.302719116210938
29.368867874145508
29.62744140625
29.435012817382812
29.789794921875
29.645483016967773
29.801836013793945
29.849929809570312
29.71162986755371
29.302719116210938
29.116308212280273
29.200504302978516
29.53724479675293
29.242586135864258
29.4169864654541
29.747699737548828
29.843921661376953
29.62744140625
29.87676429748535
29.803794860839844
29.931501388549805
29.8220272064209
29.90718650817871
30.034879684448242
29.9619083404541
29.736907958984375
30.028797149658203
29.90109634399414
30.14433479309082
30.436237335205078
30.42408561706543
30.454479217529297
30.740293502807617
30.691648483276367
30.673402786254883
30.655153274536133
30.7220458984375
30.4605655670166
30.186901092529297
30.241636276245117
30.490964889526367
30.284210205078125
30.17474365234375
30.241636276245117
30.38759422302246
30.27813720703125
30.16258430480957
30.132179260253906
30.217313766479492
30.345022201538086
30.16866683959961
30.053123474121094
30.14433479309082
30.126096725463867
30.06528663635254
29.931501388549805
29.882848739624023
29.846364974975586
29.25040054321289
28.721355438232422
28.849048614501953
28.78824806213379
28.86729621887207
29.04364585876465
28.733510971069336
28.581470489501953
28.83688735961914
28.74567413330078
29.049734115600586
28.861209869384766
28.903778076171875
29.049734115600586
28.757829666137695
28.849048614501953
28.958515167236328
28.441619873046875
28.344316482543945
28.581470489501953
28.703107833862305
28.60580825805664
28.733510971069336
28.659671783447266
28.462787628173828
28.918092727661133
29.041149139404297
29.170358657836914
29.121135711669922
29.428773880004883
29.281105041503906
29.594890594482422
28.899633407592773
28.57969093322754
28.51816177368164
28.327425003051758
28.19821548461914
28.235137939453125
28.64736557006836
28.715051651000977
28.788877487182617
28.899633407592773
28.715051651000977
28.696609497070312
28.690439224243164
28.524320602416992
29.059606552124023
29.287263870239258
29.441076278686523
29.32417869567871
29.219579696655273
29.238039016723633
29.201114654541016
29.18881607055664
28.84426498413086
28.364347457885742
27.52756118774414
26.764623641967773
27.785987854003906
28.419719696044922
28.345888137817383
28.308963775634766
27.626018524169922
27.902877807617188
28.13054084777832
27.576778411865234
28.228979110717773
27.927494049072266
27.97056770324707
28.136688232421875
28.08746910095215
28.530467987060547
28.419719696044922
27.829050064086914
27.42296028137207
27.56448745727539
27.336820602416992
27.059946060180664
27.127628326416016
27.207622528076172
26.91228485107422
26.78307342529297
26.7707576751709
26.43236541748047
26.35853385925293
27.072254180908203
27.109172821044922
27.33043670654297
27.56728172302246
27.52364158630371
27.610902786254883
27.64830207824707
27.41769027709961
27.841516494750977
27.860210418701172
27.860210418701172
28.196792602539062
27.95994758605957
28.601903915405273
28.770193099975586
28.894853591918945
28.776416778564453
28.969633102416992
28.919782638549805
29.21894645690918
29.1566219329834
28.950937271118164
28.75772476196289
28.79512596130371
28.533348083496094
28.234176635742188
28.109525680541992
28.24665069580078
27.941240310668945
27.56728172302246
28.072128295898438
28.097055435180664
28.284038543701172
28.520883560180664
28.2902774810791
28.040969848632812
28.165620803833008
27.997337341308594
28.190540313720703
28.327665328979492
28.408702850341797
27.997337341308594
27.77295684814453
28.489717483520508
28.707870483398438
28.483478546142578
28.271577835083008
28.24665069580078
27.93500518798828
28.327665328979492
28.38999366760254
28.98833465576172
28.732799530029297
28.396230697631836
28.60814666748047
28.88237953186035
29.262577056884766
29.11298942565918
29.137929916381836
29.42462730407715
29.1503849029541
28.80759048461914
28.58945083618164
28.982112884521484
28.720264434814453
28.56252670288086
28.2849178314209
28.448965072631836
28.348007202148438
27.855884552001953
28.310150146484375
28.032548904418945
28.310150146484375
28.02622413635254
28.94110107421875
29.679292678833008
29.67298698425293
30.442726135253906
30.93484878540039
30.922229766845703
31.527931213378906
32.02637481689453
31.490081787109375
31.938045501708984
31.81817054748535
32.158870697021484
32.01375961303711
31.641502380371094
31.534242630004883
31.1619815826416
31.61626625061035
31.698278427124023
31.748760223388672
32.13994216918945
32.08946990966797
32.22197341918945
31.944353103637695
32.0642204284668
32.2471923828125
32.19042205810547
32.00743865966797
32.4680290222168
32.88444519042969
32.73933792114258
32.688865661621094
32.94122314453125
33.09897232055664
33.02325439453125
33.01063919067383
33.14313888549805
33.149444580078125
33.23146057128906
33.572174072265625
33.8371696472168
33.591094970703125
33.71728515625
33.572174072265625
33.382904052734375
33.793006896972656
33.692054748535156
34.1021614074707
34.095848083496094
34.1210823059082
34.07692337036133
34.335601806640625
34.12739944458008
34.12420654296875
33.155067443847656
33.269832611083984
32.906402587890625
33.1231803894043
32.70236587524414
32.74699020385742
32.74061965942383
32.9828987121582
33.2060661315918
32.99565887451172
31.89899253845215
32.23053741455078
32.36444091796875
32.1604118347168
32.957401275634766
32.53022003173828
32.47920608520508
32.721500396728516
32.31342315673828
32.41545104980469
32.41545104980469
32.59396743774414
32.56846618652344
32.86176300048828
32.61310577392578
32.817138671875
32.47920608520508
32.66410446166992
32.453697204589844
32.1285285949707
31.643951416015625
31.6630859375
31.331527709960938
31.612085342407227
31.784225463867188
31.981884002685547
32.27518081665039
32.453697204589844
32.154029846191406
32.370811462402344
32.46645736694336
32.33254623413086
32.99565887451172
32.8490104675293
33.1231803894043
33.582244873046875
33.51849365234375
33.786293029785156
33.69063949584961
34.08595657348633
34.28998565673828
34.27722930908203
34.4940185546875
34.449398040771484
34.85745620727539
34.70442199707031
34.90208053588867
34.953094482421875
35.10611343383789
35.60342788696289
35.85210037231445
36.04336929321289
36.23335647583008
35.66660690307617
36.00151824951172
36.02083969116211
35.72457504272461
36.06591796875
35.96286392211914
35.96286392211914
36.02083969116211
35.87270736694336
35.82118606567383
35.66017532348633
36.13031768798828
35.98218536376953
35.29951858520508
35.62797927856445
35.33171463012695
35.685943603515625
35.099857330322266
34.77785110473633
34.71344757080078
34.73276138305664
34.54599380493164
34.5137939453125
34.558876037597656
34.65547561645508
34.68769454956055
34.552433013916016
34.52667999267578
33.979248046875
34.24329376220703
34.05009078979492
33.77959060668945
33.84400177001953
33.89552688598633
33.831119537353516
33.97279739379883
33.53485870361328
33.81179428100586
33.663673400878906
33.70231246948242
33.85043716430664
34.0565299987793
34.4622688293457
34.591087341308594
34.52022933959961
33.37385177612305
33.85688400268555
33.13555145263672
33.161319732666016
33.476905822753906
33.41249465942383
32.974552154541016
33.01963424682617
33.40605926513672
33.71519088745117
33.85043716430664
33.586387634277344
33.805355072021484
33.52842330932617
33.56705856323242
33.476905822753906
33.41249465942383
33.01319122314453
32.74482727050781
32.738304138183594
32.516845703125
32.692710876464844
32.503814697265625
32.76436233520508
32.75785446166992
32.751338958740234
32.84904479980469
32.74482727050781
32.81647872924805
32.008766174316406
31.396465301513672
31.402984619140625
31.161972045898438
31.025178909301758
31.617938995361328
31.402984619140625
31.331327438354492
31.044727325439453
30.575735092163086
30.53013801574707
30.666934967041016
30.914451599121094
31.0382080078125
31.174999237060547
30.41288948059082
30.41288948059082
30.08069610595703
30.855825424194336
31.220592498779297
31.161972045898438
31.311798095703125
31.468120574951172
32.23675537109375
32.718772888183594
33.005374908447266
33.298492431640625
33.19428253173828
32.503814697265625
32.48427963256836
32.4451904296875
32.40611267089844
32.80344772338867
33.46784973144531
33.30501174926758
33.53950500488281
33.71538162231445
34.106204986572266
33.630699157714844
33.74795913696289
34.04758834838867
34.464473724365234
34.601253509521484
34.50354766845703
34.94648361206055
34.96603012084961
34.939971923828125
34.809696197509766
35.00511169433594
34.77062225341797
35.55226516723633
35.51318359375
35.591346740722656
35.06336212158203
34.68152618408203
34.73419189453125
34.53668212890625
34.68152618408203
34.5959358215332
34.72101974487305
34.39842987060547
34.470855712890625
34.707855224609375
34.50376510620117
32.99616622924805
32.76573181152344
32.33781814575195
32.65381622314453
32.50239944458008
32.26540756225586
31.857236862182617
31.78481674194336
31.98231315612793
31.6202335357666
31.626811981201172
31.84405517578125
32.13373947143555
32.24564743041992
31.962560653686523
31.778230667114258
31.65314292907715
31.903322219848633
32.383907318115234
32.54190444946289
32.69991683959961
33.12125015258789
33.312164306640625
32.87765884399414
32.6735725402832
32.792083740234375
32.90399932861328
32.976409912109375
32.93690872192383
32.548492431640625
32.3641471862793
32.44315719604492
32.48923873901367
32.5682373046875
32.49582290649414
33.009334564208984
32.94348907470703
33.17390823364258
33.075172424316406
33.022499084472656
32.72624206542969
32.680152893066406
32.70648956298828
32.35098648071289
32.45632553100586
32.34440231323242
32.29832077026367
32.094234466552734
32.3773307800293
32.46290588378906
32.27198028564453
32.26399230957031
32.41721725463867
32.33727264404297
32.44386291503906
32.590423583984375
32.39056396484375
32.51715087890625
32.790287017822266
32.60375213623047
32.25067138671875
31.477876663208008
31.34464454650879
31.111469268798828
31.551156997680664
31.09147834777832
30.585174560546875
30.565183639526367
30.585174560546875
30.745058059692383
30.565183639526367
31.104799270629883
31.064844131469727
30.924922943115234
30.898279190063477
30.65845489501953
30.538536071777344
30.232084274291992
30.185455322265625
29.632509231567383
30.005578994750977
30.258737564086914
30.2987060546875
30.2987060546875
30.005578994750977
30.185455322265625
30.192106246948242
30.77836799621582
31.071496963500977
30.984886169433594
30.938264846801758
30.891626358032227
30.938264846801758
30.978225708007812
30.77170753479004
31.124799728393555
31.437902450561523
30.951576232910156
31.104799270629883
31.071496963500977
31.064844131469727
31.024856567382812
30.60515594482422
30.25206756591797
30.258737564086914
30.238754272460938
30.47858428955078
29.872337341308594
29.872337341308594
29.58587646484375
29.752429962158203
29.97893524169922
29.745771408081055
29.373201370239258
29.34620475769043
29.157217025756836
28.94799041748047
29.17072105407715
29.35295295715332
29.400188446044922
29.46768569946289
29.265207290649414
29.325946807861328
29.845651626586914
29.852397918701172
29.501434326171875
29.68366813659668
29.967145919799805
32.26866912841797
32.356414794921875
32.666873931884766
32.997596740722656
32.53863525390625
32.808616638183594
33.0110969543457
32.97735595703125
32.80187225341797
32.54539108276367
32.410400390625
32.437400817871094
32.92335510253906
32.72087860107422
32.67363357543945
32.32265853881836
32.18767166137695
32.491397857666016
32.63313674926758
32.58589172363281
32.60614013671875
32.85586166381836
32.808616638183594
32.74112319946289
32.47789764404297
32.376670837402344
32.34292221069336
31.964942932128906
31.66122817993164
31.18202018737793
31.121274948120117
31.2495174407959
31.580245971679688
31.890708923339844
31.84346580505371
32.30241394042969
32.457645416259766
33.30131912231445
33.39582061767578
33.03134536743164
33.679290771484375
33.679290771484375
33.41606521606445
33.41606521606445
33.348567962646484
33.402557373046875
33.3148193359375
33.64554214477539
33.679290771484375
33.591529846191406
33.33881759643555
33.502742767333984
33.56421661376953
33.372982025146484
33.02462387084961
32.68993377685547
32.84703063964844
33.058780670166016
33.22954177856445
33.612030029296875
33.83061599731445
33.461761474609375
33.42760467529297
33.22270202636719
33.39345932006836
33.37979507446289
32.66944885253906
32.6967658996582
32.66944885253906
32.41672897338867
32.389404296875
31.098464965820312
31.125789642333984
31.050668716430664
30.78428077697754
30.654504776000977
30.565711975097656
30.20370101928711
30.128562927246094
30.579370498657227
31.023345947265625
31.55609703063965
31.542442321777344
32.170833587646484
32.10936737060547
32.55332946777344
33.34564971923828
34.08332443237305
34.75952911376953
35.00542449951172
35.326446533203125
34.7800178527832
34.6160888671875
34.43849563598633
34.89612579345703
35.408409118652344
36.33049774169922
36.125587463378906
35.749916076660156
35.97532653808594
36.371482849121094
36.08462142944336
36.043636322021484
36.207557678222656
36.33049774169922
36.350990295410156
36.39197540283203
36.49443054199219
36.15291976928711
