46.686279296875
46.63236999511719
46.49455642700195
48.04039001464844
48.345943450927734
48.43581771850586
48.09429931640625
48.687477111816406
48.30999755859375
49.2087516784668
49.86183166503906
49.7958984375
50.61676025390625
50.91036605834961
49.19676208496094
49.19676208496094
48.675498962402344
49.370513916015625
49.849830627441406
49.78990936279297
51.269840240478516
51.13203430175781
51.69524383544922
51.269840240478516
50.80849075317383
50.11948013305664
49.7958984375
50.55683135986328
50.401065826416016
51.20991134643555
50.95827865600586
51.36572265625
51.65330123901367
51.65330123901367
51.4975471496582
51.05414962768555
50.67668914794922
51.07210922241211
51.83902359008789
52.39623260498047
52.46215057373047
52.036746978759766
52.072696685791016
51.45560073852539
52.456180572509766
52.39623260498047
52.677860260009766
52.89354705810547
53.18903732299805
53.33377456665039
53.15285873413086
53.18903732299805
53.06842803955078
53.472476959228516
53.309661865234375
53.038272857666016
52.742767333984375
52.905601501464844
52.65232849121094
53.09859085083008
52.91164779663086
53.128746032714844
53.00812530517578
52.58598709106445
52.646305084228516
52.53774642944336
52.66437911987305
53.66546630859375
54.2263069152832
53.96095275878906
54.045372009277344
54.00316619873047
55.01630401611328
55.66154479980469
55.426368713378906
55.26957702636719
54.618263244628906
55.19115447998047
55.43239974975586
55.408267974853516
55.3238410949707
55.01630401611328
55.36003494262695
55.14897155761719
55.36003494262695
55.311805725097656
55.29973602294922
55.613311767578125
55.81232452392578
55.890708923339844
55.55903244018555
54.89567947387695
54.9801025390625
54.89567947387695
55.185150146484375
55.70981216430664
56.318885803222656
56.3731803894043
55.57109451293945
55.59520721435547
54.38307571411133
54.20217514038086
54.533851623535156
54.648433685302734
54.9801025390625
55.23942947387695
54.4373664855957
54.654457092285156
55.24543762207031
53.50993347167969
52.83634948730469
52.921295166015625
52.988040924072266
52.47224807739258
52.22953414916992
52.271995544433594
52.46012878417969
53.200439453125
53.0972785949707
53.40677261352539
54.06212615966797
53.77692413330078
53.00625228881836
53.46138000488281
53.47351837158203
53.485652923583984
53.164039611816406
52.90916442871094
53.23685836791992
53.40070343017578
53.76481246948242
53.649513244628906
54.0014533996582
54.28058624267578
53.752655029296875
53.449249267578125
53.92863082885742
54.34735870361328
53.667694091796875
53.940757751464844
52.93345260620117
52.74532699584961
52.83634948730469
52.708919525146484
51.640899658203125
52.52080535888672
53.83155059814453
53.73445510864258
53.98324966430664
53.35823440551758
53.69198226928711
53.485652923583984
54.06820297241211
54.37769317626953
54.35948181152344
54.329132080078125
54.292728424072266
54.735721588134766
55.099815368652344
55.17262649536133
55.03913116455078
55.433570861816406
55.66417694091797
55.28791427612305
55.68235397338867
55.02092742919922
54.59614944458008
54.63862609863281
54.098541259765625
54.45658493041992
54.48692321777344
53.89454650878906
54.1143798828125
53.912864685058594
54.022789001464844
54.15103530883789
54.059425354003906
53.96171188354492
54.5479850769043
54.3342399597168
54.10219192504883
54.47469711303711
53.558658599853516
54.05331802368164
54.67623519897461
54.68844985961914
54.61518096923828
54.322021484375
54.725093841552734
54.69455337524414
54.17546081542969
54.3342399597168
54.45029067993164
54.45029067993164
54.51136016845703
54.859439849853516
54.57852554321289
54.212100982666016
54.09605407714844
54.1265983581543
53.845672607421875
54.52967834472656
54.36479187011719
55.04263687133789
55.31747817993164
55.03044128417969
55.433494567871094
55.31747817993164
54.9205207824707
54.82278823852539
54.35866928100586
54.10828399658203
54.212100982666016
54.15715026855469
54.486915588378906
54.346466064453125
52.81970977783203
52.892974853515625
52.569305419921875
52.899078369140625
53.40595245361328
53.79682159423828
54.535770416259766
54.61518096923828
53.78462600708008
53.741859436035156
53.87009811401367
54.346466064453125
53.44260787963867
54.1265983581543
54.97547912597656
55.31747817993164
55.66556930541992
56.00144958496094
55.976863861083984
55.42959213256836
55.40496063232422
56.026058197021484
56.105987548828125
55.773929595947266
56.425758361816406
56.89310836791992
57.06527328491211
56.6901741027832
56.4442024230957
56.28432083129883
56.80699920654297
56.622535705566406
56.628684997558594
55.63251876831055
56.241268157958984
55.82928466796875
55.128257751464844
55.48492431640625
56.23513412475586
56.032203674316406
55.626365661621094
55.18359375
56.16134262084961
55.70014190673828
56.272029876708984
56.530311584472656
55.95841979980469
54.759315490722656
55.02370834350586
54.40880584716797
54.79620361328125
55.22050094604492
55.36809158325195
55.55870056152344
55.52794647216797
55.73703384399414
55.76777267456055
56.30891418457031
56.727073669433594
57.39735794067383
57.07758712768555
57.354305267333984
57.43423080444336
57.34200668334961
57.37274932861328
57.47113037109375
58.036865234375
58.522666931152344
58.3135871887207
58.54109573364258
58.4119873046875
58.39968490600586
58.28899002075195
57.82163619995117
57.68635177612305
57.649444580078125
57.022239685058594
56.542579650878906
56.321224212646484
56.24742889404297
56.167484283447266
56.43805694580078
56.171810150146484
55.65787887573242
55.35447692871094
55.07585906982422
54.58673095703125
54.43191909790039
53.81892776489258
53.76321029663086
53.509334564208984
53.8560791015625
54.19043731689453
53.92420959472656
53.75700759887695
55.007755279541016
54.03565979003906
53.96754837036133
53.961360931396484
54.339046478271484
54.08518600463867
54.02324676513672
54.51240921020508
54.37619400024414
55.007755279541016
54.47525405883789
54.735328674316406
54.90248489379883
55.06967544555664
55.46595001220703
55.28018569946289
54.89628601074219
54.33285140991211
54.09137725830078
53.95515823364258
53.91181182861328
53.80655288696289
53.2740478515625
53.249298095703125
53.298824310302734
52.93968963623047
53.44742965698242
53.18736267089844
52.94590377807617
52.72917175292969
53.2740478515625
53.837520599365234
54.2399787902832
53.73843765258789
54.0604133605957
54.165687561035156
54.20901107788086
54.01087188720703
54.47525405883789
54.246150970458984
54.747703552246094
54.46908950805664
54.63005828857422
55.063472747802734
54.98918914794922
55.490718841552734
55.61454391479492
57.02627182006836
56.958160400390625
57.71976089477539
57.327022552490234
57.80702209472656
57.95039367675781
57.76962661743164
57.71974182128906
58.11250305175781
59.390445709228516
59.50264358520508
59.48398208618164
59.02264404296875
59.02888488769531
59.228370666503906
59.27823257446289
58.76704025268555
58.47404479980469
58.27458572387695
58.299503326416016
58.84186935424805
59.01640319824219
58.67976379394531
59.62732696533203
59.74578094482422
59.66472244262695
58.76083755493164
59.44654846191406
59.41539001464844
60.60604476928711
60.31305694580078
62.05234909057617
61.9837532043457
61.51620101928711
61.41024398803711
61.852821350097656
62.9001350402832
63.280399322509766
62.532344818115234
63.087158203125
62.18323516845703
62.03363037109375
62.12712097167969
63.006103515625
62.80038833618164
62.189449310302734
62.66322708129883
61.43518829345703
61.7905158996582
61.578548431396484
61.67829513549805
61.81545639038086
61.40399932861328
61.017494201660156
60.450199127197266
59.128623962402344
59.17226028442383
59.62732696533203
59.29070281982422
58.5925178527832
57.45168685913086
56.13634490966797
56.11764144897461
55.843360900878906
56.376991271972656
56.866661071777344
56.20121383666992
57.02989959716797
57.180572509765625
57.40031433105469
59.082820892333984
59.057716369628906
58.98237228393555
59.87386703491211
59.66040802001953
60.54561233520508
60.4640007019043
60.13753128051758
60.1689338684082
60.43887710571289
59.95548629760742
60.59583282470703
58.88821029663086
58.863101959228516
59.635318756103516
59.95548629760742
59.02003479003906
59.145599365234375
58.787776947021484
58.68101119995117
59.21465301513672
59.45949935913086
58.84425354003906
59.37791061401367
59.208377838134766
59.41557312011719
59.58506393432617
59.45322036743164
60.42005920410156
61.33665084838867
61.3240852355957
61.35546875
61.493595123291016
61.481056213378906
61.123191833496094
60.75907897949219
61.1796989440918
61.104373931884766
60.75907897949219
60.72141647338867
61.4371223449707
61.951904296875
62.742923736572266
63.044254302978516
63.364479064941406
63.01289749145508
63.09449005126953
62.786895751953125
63.03800582885742
63.51513671875
63.690921783447266
64.29363250732422
63.66581344604492
64.04249572753906
64.60753631591797
64.45685577392578
64.73308563232422
64.23712158203125
64.43938446044922
64.61632537841797
64.69852447509766
64.65428161621094
63.699832916259766
63.67456817626953
63.75674057006836
63.63032531738281
64.48994445800781
64.15494537353516
64.04115295410156
64.06645202636719
63.876834869384766
64.00956726074219
63.541839599609375
63.168907165527344
63.453346252441406
63.23214340209961
63.55449676513672
64.2181625366211
64.16758728027344
64.12967681884766
64.43938446044922
64.25608825683594
64.88182830810547
65.05245971679688
64.7364501953125
64.93238067626953
64.86917877197266
65.62767028808594
65.97528839111328
64.93238067626953
64.55945587158203
64.48994445800781
63.97162628173828
63.636661529541016
64.06645202636719
64.1991958618164
64.84390258789062
64.88182830810547
64.99559020996094
65.45069885253906
64.83124542236328
64.306640625
64.90080261230469
64.71748352050781
65.5897445678711
64.66692352294922
64.93238067626953
65.15361785888672
65.44437408447266
65.89313507080078
65.91209411621094
65.21682739257812
65.96898651123047
65.45069885253906
65.2610855102539
62.53684997558594
62.44837188720703
63.28903579711914
62.069091796875
62.56215286254883
62.11337661743164
63.042503356933594
62.838871002197266
62.68608474731445
63.06797409057617
63.06797409057617
63.029788970947266
63.34165573120117
63.32252883911133
63.45619583129883
63.18889617919922
62.692466735839844
62.85155487060547
63.41802215576172
63.3480224609375
63.37345504760742
63.30345153808594
62.68608474731445
63.08070373535156
62.60334396362305
63.176170349121094
62.22779846191406
61.98596954345703
61.6168212890625
61.75682830810547
60.961238861083984
61.28583526611328
62.01142501831055
61.78866958618164
61.48953628540039
61.81413269042969
61.44496154785156
61.120357513427734
60.98670959472656
59.98744201660156
60.73848342895508
60.10200500488281
59.860164642333984
59.10272979736328
59.382781982421875
59.77742004394531
60.15930938720703
59.42733383178711
60.21657943725586
58.4408073425293
58.300804138183594
57.81705093383789
57.63248825073242
57.42245864868164
57.66431427001953
58.052581787109375
58.40898895263672
59.60556411743164
59.27458572387695
59.898353576660156
60.14019775390625
59.64373779296875
60.528446197509766
60.20383071899414
60.11474609375
61.55317306518555
60.63028335571289
60.15930938720703
60.509342193603516
61.26673889160156
61.92063522338867
61.7219123840332
61.80524826049805
61.144935607910156
60.68339538574219
60.95905685424805
60.97186279296875
60.818016052246094
61.29239273071289
61.427024841308594
62.061683654785156
61.36289596557617
60.76030349731445
60.567970275878906
58.042179107666016
59.202510833740234
60.382080078125
60.869293212890625
60.497467041015625
60.144901275634766
58.785831451416016
58.58069610595703
56.843387603759766
57.18315124511719
55.51637268066406
55.70871353149414
55.394569396972656
57.06776809692383
58.43964767456055
60.02950668334961
59.830772399902344
60.638492584228516
60.119239807128906
59.75383377075195
59.664085388183594
59.63203048706055
59.266639709472656
59.51022720336914
57.881919860839844
57.5742073059082
58.1575813293457
59.125606536865234
59.0422477722168
57.90755844116211
57.696014404296875
57.52933883666992
57.029296875
58.41400909423828
58.394771575927734
58.89479446411133
59.53588104248047
58.26656723022461
58.824283599853516
58.30501937866211
56.381813049316406
56.1446418762207
56.042057037353516
57.42679977416992
59.138423919677734
58.631980895996094
59.208927154541016
59.09912109375
59.13787841796875
58.78263473510742
58.517822265625
59.66105651855469
60.306941986083984
60.10026931762695
58.78263473510742
57.76858139038086
58.078609466552734
57.49085998535156
57.75567626953125
57.87193298339844
57.25835037231445
57.187294006347656
56.864341735839844
56.59305953979492
56.308860778808594
56.024688720703125
55.30774688720703
55.004173278808594
54.42286682128906
54.267845153808594
54.39702224731445
54.170982360839844
54.74582290649414
54.30659484863281
55.59193420410156
54.519771575927734
54.60374069213867
55.17856979370117
54.590797424316406
54.810386657714844
54.46162414550781
53.98366165161133
55.30774688720703
54.900821685791016
54.55204391479492
54.44870376586914
54.984806060791016
55.38524627685547
54.293704986572266
54.67477798461914
55.26251220703125
55.12043380737305
55.953643798828125
56.89019012451172
56.664100646972656
56.14740753173828
56.347625732421875
56.1151123046875
56.48970413208008
56.54140090942383
56.17323303222656
56.19906997680664
56.7093505859375
56.75453567504883
56.43159103393555
57.38752746582031
57.55546951293945
57.23250198364258
56.961212158203125
56.58015441894531
57.47793960571289
56.514122009277344
56.670413970947266
56.37083435058594
56.637840270996094
56.88530731201172
56.55971145629883
56.65087890625
56.742042541503906
56.79413604736328
56.34477233886719
55.58285140991211
55.42654037475586
55.42654037475586
55.48514938354492
55.439571380615234
55.446083068847656
55.32237243652344
54.8469352722168
54.88602066040039
55.25722885131836
55.08138656616211
55.49167251586914
55.413536071777344
54.71670150756836
54.521339416503906
55.14651107788086
55.1790771484375
55.667518615722656
55.49167251586914
55.465641021728516
55.40049743652344
55.14651107788086
54.658103942871094
54.61249542236328
53.93523406982422
54.18269348144531
53.642173767089844
54.14360809326172
53.74637222290039
53.96780014038086
53.381683349609375
53.140716552734375
53.54449462890625
53.67472457885742
54.124080657958984
53.89617156982422
53.99383544921875
53.7984619140625
53.244911193847656
53.179805755615234
53.264461517333984
52.84116744995117
52.05967712402344
51.61682891845703
53.713802337646484
54.14360809326172
54.0589599609375
51.584259033203125
50.83535385131836
50.255760192871094
50.255760192871094
50.85488510131836
50.03434753417969
51.28469467163086
50.936302185058594
51.79085159301758
51.698814392089844
51.508182525634766
51.77769088745117
51.2057991027832
50.10808563232422
49.016902923583984
47.41304397583008
45.17155838012695
45.16497802734375
47.656253814697266
49.20096969604492
49.345577239990234
49.45732879638672
47.38018035888672
48.1361083984375
48.50420379638672
47.62995910644531
48.3135871887207
47.32759094238281
47.66939163208008
47.78114318847656
47.64967346191406
47.89289855957031
48.839439392089844
48.944610595703125
47.774574279785156
48.24127197265625
47.814002990722656
47.52478790283203
47.807437896728516
48.1361083984375
47.72199249267578
47.9651985168457
48.87230682373047
48.68168258666992
49.87801742553711
50.48933792114258
51.19923400878906
52.060340881347656
52.60593795776367
52.09978103637695
52.126068115234375
52.034061431884766
52.69138717651367
53.55906295776367
54.21637725830078
53.23695373535156
53.13178634643555
52.7242546081543
54.48588562011719
54.5450439453125
53.388145446777344
53.30269241333008
54.08491516113281
54.05204391479492
54.38729476928711
56.056907653808594
57.08891296386719
56.51702880859375
55.74794387817383
55.52446365356445
54.337589263916016
54.602813720703125
54.118770599365234
52.653419494628906
51.78481674194336
53.641395568847656
53.01810073852539
53.53527069091797
53.2435302734375
52.9053955078125
53.23027801513672
54.291175842285156
53.87343978881836
53.86020278930664
54.14531707763672
54.29779815673828
52.74623489379883
51.9903564453125
52.28873062133789
50.922828674316406
49.484012603759766
50.147056579589844
50.186866760253906
49.29172897338867
50.412296295166016
52.666690826416016
52.481021881103516
51.69198989868164
51.24111557006836
51.227840423583984
51.4864387512207
53.17059326171875
52.600379943847656
52.209163665771484
52.48766326904297
51.791446685791016
51.685359954833984
51.36045455932617
51.79807662963867
51.367103576660156
50.54490280151367
49.52378463745117
48.860740661621094
49.861961364746094
50.16032028198242
52.461143493652344
51.440032958984375
50.657615661621094
48.52257537841797
49.13258361816406
50.77033615112305
49.05302810668945
50.85653305053711
49.921630859375
51.048824310302734
51.61906433105469
50.584686279296875
49.45747375488281
52.03678894042969
52.931922912597656
53.097660064697266
53.813785552978516
53.57958984375
53.0911750793457
53.25843048095703
54.215213775634766
54.342342376708984
54.864219665527344
55.16530990600586
55.198760986328125
55.125160217285156
54.34904861450195
54.543067932128906
54.87092208862305
54.69694519042969
53.626441955566406
54.382476806640625
55.33256530761719
55.13184356689453
55.058258056640625
56.5101318359375
55.285743713378906
55.13184356689453
54.98465347290039
54.9913330078125
55.138553619384766
55.412864685058594
55.44633865356445
56.269290924072266
56.33618927001953
55.94813537597656
56.28265380859375
56.035091400146484
56.18898010253906
56.34957504272461
56.55698776245117
56.55029296875
55.92806625366211
55.50655746459961
55.640350341796875
55.004737854003906
55.740726470947266
55.11178207397461
55.67380905151367
55.747398376464844
56.436546325683594
56.757713317871094
57.15916442871094
56.851375579833984
57.39332962036133
57.68103790283203
58.07579040527344
58.069091796875
58.5641975402832
58.43038558959961
58.63113784790039
59.186458587646484
58.89877700805664
59.146324157714844
59.634727478027344
58.952266693115234
58.83853530883789
58.905426025390625
59.21990203857422
59.26007080078125
60.21014404296875
59.92003631591797
60.50026321411133
59.818809509277344
60.43278503417969
60.40581512451172
60.28435516357422
60.7971305847168
60.547489166259766
60.453033447265625
60.50026321411133
60.898338317871094
60.58799362182617
60.729671478271484
60.061710357666016
60.21013641357422
59.73109817504883
59.62314987182617
60.27760314941406
61.20195007324219
61.25594711303711
61.174957275390625
60.70942306518555
61.12099838256836
61.01303482055664
60.830867767333984
61.546058654785156
61.208675384521484
61.478572845458984
61.75519561767578
61.51230239868164
61.93736267089844
60.31135940551758
59.953739166259766
61.33689880371094
62.382667541503906
63.246307373046875
63.31375503540039
62.7604866027832
63.48243713378906
62.72001647949219
63.1113395690918
63.34748458862305
64.06265258789062
64.01542663574219
64.06265258789062
64.17738342285156
63.97496032714844
63.73881530761719
63.374488830566406
63.32049560546875
63.42845916748047
62.20726013183594
61.75519561767578
61.33689880371094
60.857852935791016
60.01446533203125
57.92966079711914
58.72582244873047
59.029422760009766
59.02267837524414
59.0766487121582
59.7715950012207
59.84580612182617
58.797916412353516
59.00884246826172
59.77775192260742
59.75053787231445
59.82537841796875
59.954681396484375
60.49903106689453
59.74375534057617
59.87301254272461
59.68930435180664
59.89344787597656
59.512367248535156
59.383094787597656
59.77094650268555
59.5532112121582
59.294647216796875
59.09050369262695
59.48514938354492
60.2676887512207
60.04314422607422
60.59431457519531
59.09050369262695
59.396697998046875
57.98136901855469
57.56629180908203
57.89289855957031
57.17842483520508
57.042327880859375
56.16455078125
56.68169403076172
56.84501647949219
56.78376007080078
56.51839828491211
56.64087677001953
59.131343841552734
58.8319206237793
59.3899040222168
59.233394622802734
58.68903350830078
59.199371337890625
59.226600646972656
59.0224494934082
60.17924118041992
59.70290756225586
59.2878303527832
58.89997100830078
58.8863525390625
58.8863525390625
59.04288101196289
59.315059661865234
59.34226608276367
58.94081115722656
59.13813400268555
59.00884246826172
59.26061248779297
59.144935607910156
57.688777923583984
56.695308685302734
56.91986846923828
56.78376007080078
56.92667007446289
56.86541748046875
58.14467239379883
58.563419342041016
59.208717346191406
59.757904052734375
58.810543060302734
58.542816162109375
59.599998474121094
58.865482330322266
58.508506774902344
58.542816162109375
59.37347412109375
59.5038948059082
59.66866683959961
59.80596160888672
59.3597412109375
58.96845245361328
59.92949295043945
59.88833236694336
59.75102996826172
60.0530891418457
60.10801696777344
60.45810317993164
60.62970733642578
61.096527099609375
62.45575714111328
63.55411148071289
62.18117141723633
62.393978118896484
62.593055725097656
62.07131576538086
62.07819747924805
61.9752197265625
62.380226135253906
62.270416259765625
62.29786682128906
61.98896026611328
62.02326202392578
61.961490631103516
62.393978118896484
61.70750045776367
60.78762435913086
60.75328826904297
59.75102996826172
58.98904037475586
59.59314727783203
59.27048873901367
59.27735137939453
59.97071075439453
59.22931671142578
58.165252685546875
58.961570739746094
58.33001708984375
58.41241455078125
58.58401870727539
58.76250457763672
58.700721740722656
58.25449752807617
57.588619232177734
56.936466217041016
57.286582946777344
57.34837341308594
57.19046401977539
56.81977081298828
56.44567108154297
56.695091247558594
57.16615676879883
57.49866485595703
57.37397003173828
57.6095085144043
57.01374053955078
56.63965606689453
56.72970962524414
56.06467056274414
56.65351486206055
56.1685791015625
56.48725128173828
56.3348503112793
57.512535095214844
57.70650100708008
57.12458419799805
57.380897521972656
57.16615676879883
56.13395309448242
56.57732009887695
56.5357551574707
56.40413284301758
56.106239318847656
56.8059196472168
56.854427337646484
56.8059196472168
56.8059196472168
56.68813705444336
56.63965606689453
56.70891571044922
56.272491455078125
56.286354064941406
56.695091247558594
56.81977081298828
57.98359298706055
56.812835693359375
56.854427337646484
57.06224822998047
57.173072814941406
57.5056037902832
57.33242416381836
57.58871841430664
57.3878173828125
57.47788619995117
56.591148376464844
56.514957427978516
56.1478157043457
55.759857177734375
56.12009048461914
55.898399353027344
56.18938446044922
56.618865966796875
56.3902587890625
56.29328155517578
56.56346130371094
56.84748840332031
56.84054183959961
57.29082489013672
56.5565299987793
56.81977081298828
57.4224739074707
57.02067184448242
57.279415130615234
57.76892852783203
57.72697067260742
57.90179443359375
57.72697067260742
57.33534622192383
57.16751480102539
57.293399810791016
57.545143127441406
57.747947692871094
57.545143127441406
57.16751480102539
57.027671813964844
56.712974548339844
56.293399810791016
56.433258056640625
55.59410858154297
56.02767562866211
56.78989791870117
56.58011245727539
56.37731170654297
57.433258056640625
57.9926872253418
58.013668060302734
57.39131546020508
57.5241584777832
58.384315490722656
57.87382507324219
57.55913162231445
56.950740814208984
56.6989860534668
57.06962585449219
56.810882568359375
56.71998596191406
57.013668060302734
56.433258056640625
56.4542350769043
57.41227340698242
56.53815841674805
56.02767562866211
56.09760284423828
56.05565643310547
56.36332702636719
56.61508560180664
56.62207794189453
56.838844299316406
56.545162200927734
56.36332702636719
56.53815841674805
56.545162200927734
56.02767562866211
55.85285186767578
56.13254928588867
56.20250701904297
56.52415084838867
55.664039611816406
55.97172546386719
56.06264877319336
56.36332702636719
56.28641128540039
56.09061050415039
56.05565643310547
55.91579818725586
56.09061050415039
55.75874328613281
55.22212600708008
55.236263275146484
55.10209274291992
54.69963836669922
53.845279693603516
54.113609313964844
53.930015563964844
54.18418884277344
54.0924186706543
53.894710540771484
54.170082092285156
53.99357223510742
53.97943878173828
53.73231887817383
53.894710540771484
54.06417465209961
54.494873046875
55.62459945678711
55.8011360168457
55.65283966064453
55.95646286010742
56.13296890258789
56.3236198425293
56.549556732177734
56.535438537597656
56.549556732177734
56.641361236572266
56.874351501464844
56.4083251953125
56.429527282714844
57.17797088623047
57.11443328857422
57.495689392089844
58.032310485839844
57.8840446472168
57.63690948486328
57.72869110107422
57.74988555908203
57.91228485107422
57.693389892578125
57.91934585571289
58.08174514770508
58.321800231933594
58.2017936706543
58.18765640258789
58.4700927734375
58.57598114013672
58.43478775024414
58.420654296875
58.681907653808594
58.77370071411133
58.936100006103516
58.724281311035156
58.936100006103516
59.10552978515625
58.98550033569336
58.85136795043945
59.2185173034668
58.97846984863281
58.73133087158203
59.133766174316406
59.01375961303711
58.936100006103516
59.28911590576172
59.10385513305664
59.0682258605957
58.605010986328125
57.871028900146484
57.40782928466797
57.1797981262207
57.40071105957031
57.62875747680664
57.79264450073242
58.02067947387695
57.7997932434082
58.19883346557617
58.626399993896484
59.35325241088867
59.474403381347656
59.55278778076172
59.0682258605957
58.63352584838867
58.825958251953125
58.904327392578125
59.167964935302734
58.97559356689453
59.232139587402344
59.07533645629883
59.167964935302734
59.10385513305664
58.74755859375
59.05397033691406
59.75232696533203
59.83782196044922
59.844970703125
59.78794860839844
59.87346267700195
59.60268020629883
